Time Gx Gy Gz
s m/s^2 m/s^2 m/s^2
0 3.62E-04 3.62E-04 9.653301
0.2 3.62E-04 3.62E-04 9.806528
0.403 3.62E-04 -0.152865 9.806528
0.605 3.62E-04 -0.152865 9.806528
0.806 3.62E-04 -0.152865 9.806528
1.008 3.62E-04 3.62E-04 9.806528
1.208 3.62E-04 3.62E-04 9.653301
1.409 -0.152865 -0.459319 9.500074
1.61 3.62E-04 0.306816 10.112982
1.81 -0.152865 -0.459319 9.500074
2.011 3.62E-04 1.072951 9.500074
2.212 3.62E-04 -1.685135 10.266209
2.412 -0.152865 -4.136767 10.112982
2.412 -0.152865 -3.523859 9.959755
2.612 -0.152865 -3.217405 10.266209
2.814 -0.152865 -3.064178 9.653301
3.014 -0.152865 -2.910951 10.266209
3.215 3.62E-04 -2.757724 9.806528
3.416 3.62E-04 -2.910951 10.112982
3.616 3.62E-04 -3.830313 9.806528
3.817 3.62E-04 -3.830313 10.112982
4.017 3.62E-04 -3.677086 10.112982
4.217 -0.152865 -3.523859 9.806528
4.418 -0.152865 -3.523859 9.959755
4.618 3.62E-04 -4.289994 10.112982
4.819 3.62E-04 -4.136767 10.419436
4.819 3.62E-04 -4.136767 10.112982
5.019 3.62E-04 -4.289994 9.959755
5.222 -0.152865 -4.136767 10.112982
5.423 -0.152865 -4.136767 10.419436
5.624 0.153589 -3.98354 9.959755
5.825 0.153589 -3.677086 10.112982
6.025 -0.152865 -3.370632 9.806528
6.225 0.153589 -3.370632 10.72589
6.426 0.460043 -2.910951 9.959755
6.626 0.61327 -2.144816 9.653301
6.828 0.460043 -1.685135 9.653301
7.029 0.153589 -1.378681 10.266209
7.229 3.62E-04 -0.919 9.653301
7.229 0.460043 -0.765773 9.959755
7.43 0.460043 -0.765773 9.959755
7.63 0.306816 -0.765773 9.653301
7.831 0.306816 -0.765773 9.806528
8.032 1.072951 -0.765773 9.653301
8.233 0.766497 -0.612546 9.653301
8.433 0.460043 -0.765773 9.19362
8.633 0.460043 -0.612546 9.806528
8.833 0.61327 -0.765773 9.959755
9.033 0.460043 -0.612546 9.959755
9.033 0.153589 -0.612546 9.959755
9.234 3.62E-04 -0.612546 9.959755
9.435 0.153589 -0.612546 9.806528
9.636 0.306816 -0.765773 9.959755
9.837 0.153589 -0.765773 9.959755
10.038 0.460043 -0.765773 9.959755
10.239 0.460043 -0.612546 9.959755
10.439 0.306816 -0.765773 9.500074
10.639 0.460043 -0.612546 9.806528
10.839 0.460043 -0.152865 9.806528
11.04 0.61327 0.153589 9.959755
11.241 0.61327 0.460043 9.653301
11.442 0.61327 0.460043 9.500074
11.642 0.766497 0.61327 9.500074
11.842 0.61327 0.766497 9.653301
12.042 0.61327 0.766497 9.500074
12.243 0.460043 0.766497 9.500074
12.443 0.460043 0.919724 9.806528
12.443 0.460043 0.766497 9.653301
12.643 0.61327 0.766497 9.653301
12.844 0.61327 0.766497 9.346847
13.045 0.61327 0.766497 9.500074
13.245 0.766497 0.766497 9.959755
13.447 0.61327 1.072951 9.653301
13.647 0.61327 1.072951 9.959755
13.847 0.919724 0.61327 9.346847
14.047 0.919724 -0.152865 9.500074
14.248 0.61327 -0.306092 9.806528
14.448 0.460043 -0.306092 9.806528
14.648 0.61327 -0.306092 9.806528
14.848 0.61327 0.61327 9.500074
14.848 0.766497 1.226178 9.653301
15.049 0.61327 1.226178 9.500074
15.25 0.766497 1.072951 9.959755
15.451 0.766497 1.226178 9.653301
15.651 0.919724 1.226178 9.806528
15.852 0.766497 1.379405 9.500074
16.052 0.766497 1.379405 9.653301
16.254 0.919724 1.379405 9.806528
16.454 0.766497 1.379405 9.19362
16.655 0.766497 1.379405 9.500074
16.855 0.61327 1.379405 9.806528
17.055 0.460043 1.379405 9.653301
17.255 0.766497 1.379405 9.500074
17.255 0.919724 1.379405 9.500074
17.455 0.766497 1.226178 9.346847
17.656 1.379405 1.226178 9.346847
17.856 1.685859 1.226178 9.346847
18.056 1.532632 1.226178 9.500074
18.457 1.992313 1.226178 8.887166
18.457 3.218129 1.226178 9.959755
18.858 3.371356 1.072951 9.959755
19.059 3.371356 1.072951 9.500074
19.059 3.524583 1.072951 9.500074
19.259 3.831037 1.072951 9.500074
19.46 3.524583 0.919724 9.500074
19.661 3.831037 1.072951 9.806528
19.861 3.064902 0.919724 9.040393
20.062 2.911675 1.072951 9.500074
20.262 0.919724 1.379405 9.806528
20.463 -0.919 1.226178 9.500074
20.663 -1.225454 1.072951 9.500074
20.864 -1.072227 1.072951 9.346847
21.065 -1.378681 1.072951 9.500074
21.265 -2.757724 0.61327 9.040393
21.467 -3.677086 0.306816 9.806528
21.467 -3.677086 0.153589 9.500074
21.667 -4.136767 3.62E-04 9.806528
21.867 -4.136767 -0.152865 9.500074
22.067 -4.136767 -0.152865 9.653301
22.268 -3.677086 3.62E-04 9.653301
22.469 -3.523859 -0.152865 9.653301
22.67 -3.370632 -0.306092 9.346847
22.87 -3.064178 -0.459319 9.500074
23.071 -3.370632 -0.612546 10.112982
23.272 -3.523859 -0.612546 9.500074
23.474 -3.370632 -0.765773 9.653301
23.674 -3.217405 -0.919 9.806528
23.674 -3.677086 -1.225454 9.500074
23.877 -3.523859 -1.072227 10.112982
24.077 -3.064178 -1.072227 9.500074
24.277 -3.98354 -0.919 9.653301
24.477 -3.523859 -0.459319 9.653301
24.677 -3.370632 -0.306092 9.500074
24.879 -3.830313 -0.306092 9.959755
25.08 -3.830313 -0.152865 9.500074
25.28 -3.677086 -0.152865 10.112982
25.48 -3.370632 3.62E-04 9.500074
25.68 -3.523859 -0.152865 9.346847
25.88 -3.677086 -0.152865 9.959755
26.081 -3.677086 -0.152865 9.959755
26.283 -3.370632 -0.306092 9.653301
26.485 -3.370632 -0.306092 9.806528
26.686 -3.677086 -0.306092 9.653301
26.886 -3.677086 -0.459319 9.500074
27.086 -3.830313 -0.459319 10.112982
27.286 -3.677086 -0.612546 9.500074
27.487 -3.830313 -0.765773 10.112982
27.688 -3.677086 -0.765773 9.346847
27.888 -3.523859 -0.612546 10.112982
27.888 -3.830313 -0.612546 9.653301
28.09 -3.370632 -0.919 9.959755
28.494 -3.217405 -0.919 10.419436
28.494 -3.064178 -0.919 9.19362
28.694 -3.830313 -1.072227 10.572663
28.895 -3.064178 -0.919 9.19362
29.096 -3.370632 -0.765773 10.266209
29.297 -3.064178 -0.919 9.653301
29.497 -2.757724 -0.765773 9.959755
29.697 -2.144816 -0.765773 9.959755
29.897 -1.685135 -0.459319 9.500074
30.098 -0.459319 -0.459319 10.112982
30.298 0.306816 -0.306092 9.806528
30.298 0.766497 -0.459319 9.806528
30.499 2.14554 -1.225454 9.806528
30.7 2.911675 -1.378681 9.653301
30.901 3.524583 -1.378681 10.112982
31.103 3.524583 -1.991589 9.500074
31.303 3.984264 -2.604497 9.959755
31.503 3.524583 -2.757724 9.500074
31.703 3.524583 -2.604497 9.653301
31.904 2.758448 -2.604497 9.959755
32.105 2.298767 -2.757724 9.959755
32.305 1.379405 -3.064178 10.419436
32.505 0.61327 -3.064178 9.19362
32.706 0.460043 -2.910951 9.959755
32.906 0.460043 -2.910951 9.959755
33.106 3.62E-04 -2.910951 10.266209
33.307 3.62E-04 -3.064178 9.959755
33.308 0.153589 -3.064178 10.112982
33.508 3.62E-04 -2.910951 9.500074
33.709 0.153589 -2.757724 10.419436
33.911 0.306816 -2.757724 9.346847
34.114 3.62E-04 -2.45127 10.112982
34.314 0.153589 -2.45127 9.653301
34.515 3.62E-04 -2.144816 10.112982
34.716 0.153589 -1.685135 10.572663
34.918 3.62E-04 -1.225454 9.346847
35.118 0.153589 -0.919 9.959755
35.319 0.306816 -0.919 9.959755
35.52 0.306816 -0.765773 9.806528
35.52 0.460043 -0.765773 9.346847
35.72 0.153589 -0.612546 9.806528
35.923 0.306816 -0.459319 9.959755
36.124 0.153589 -0.919 10.419436
36.324 0.153589 -0.152865 9.653301
36.524 3.62E-04 -0.152865 9.806528
36.725 0.153589 -0.152865 10.112982
36.925 3.62E-04 -0.152865 10.266209
37.126 0.153589 -0.152865 9.806528
37.328 0.153589 -0.152865 9.653301
37.528 0.306816 -0.152865 9.959755
37.728 0.153589 -0.152865 9.500074
37.929 0.306816 -0.152865 9.806528
38.13 0.153589 -0.152865 9.500074
38.331 0.306816 3.62E-04 9.806528
38.531 0.153589 -0.152865 9.806528
38.531 0.153589 -0.152865 9.653301
38.732 0.153589 -0.152865 9.500074
38.932 0.153589 -0.152865 9.806528
39.133 0.306816 -0.152865 9.806528
39.335 3.62E-04 3.62E-04 9.346847
39.535 0.153589 0.153589 9.500074
39.736 0.153589 0.153589 9.500074
39.936 0.153589 0.153589 10.112982
40.137 -0.152865 0.306816 10.112982
40.338 3.62E-04 0.766497 9.346847
40.539 0.153589 0.919724 9.346847
40.739 -0.152865 1.226178 9.500074
40.739 3.62E-04 1.226178 9.653301
40.941 0.153589 1.226178 9.346847
41.141 0.153589 1.379405 9.500074
41.341 0.153589 0.766497 9.653301
41.542 0.460043 -0.306092 9.653301
41.744 0.153589 -0.306092 10.112982
41.944 0.306816 -0.459319 10.112982
42.146 0.153589 0.460043 10.112982
42.347 0.153589 1.685859 8.887166
42.548 3.62E-04 1.685859 8.887166
42.749 3.62E-04 1.839086 9.806528
42.95 0.153589 1.839086 9.806528
43.15 3.62E-04 1.839086 9.806528
43.15 3.62E-04 1.839086 9.346847
43.351 0.306816 1.992313 9.346847
43.551 0.153589 1.992313 9.653301
43.751 0.153589 1.992313 10.112982
43.951 0.153589 1.992313 9.806528
44.152 3.62E-04 2.14554 9.806528
44.353 -0.152865 1.839086 8.580712
44.554 0.306816 1.839086 9.19362
44.754 0.306816 2.14554 9.346847
44.955 0.306816 2.298767 9.346847
45.155 0.460043 1.839086 9.806528
45.356 0.460043 0.460043 9.653301
45.556 0.306816 -0.306092 9.653301
45.757 0.306816 -0.152865 9.959755
45.957 0.460043 -0.459319 9.500074
46.158 0.61327 2.14554 9.500074
46.158 0.306816 2.911675 9.500074
46.358 0.61327 2.911675 9.040393
46.558 0.460043 3.218129 9.806528
46.759 0.306816 3.064902 9.500074
46.96 0.460043 2.911675 9.500074
47.161 3.62E-04 3.831037 9.19362
47.362 0.306816 3.831037 9.19362
47.563 0.306816 3.524583 9.040393
47.764 3.62E-04 3.524583 9.19362
47.965 3.62E-04 3.218129 9.653301
48.166 3.62E-04 3.064902 9.346847
48.366 0.153589 2.911675 9.500074
48.567 3.62E-04 2.911675 9.19362
48.567 0.153589 3.67781 9.346847
48.768 0.153589 2.911675 9.500074
48.969 0.306816 0.919724 9.653301
49.169 0.306816 3.62E-04 9.806528
49.57 0.306816 -0.152865 9.653301
49.97 0.306816 -0.152865 9.806528
50.17 0.306816 -0.152865 9.653301
50.988 0.306816 -0.152865 9.653301
51.188 0.306816 -0.152865 9.653301
51.388 0.306816 -0.306092 9.806528
51.588 0.306816 3.62E-04 9.959755
51.788 0.306816 -0.306092 9.653301
51.988 0.306816 0.306816 9.653301
