0.0 0.003065107231773898 0.00029631510037935713
0.40404 0.0023489606822940153 0.0002593993128355409
0.80808 0.0027500027500027497 0.0002806709803648861
1.21212 0.0024348982682316014 0.00026410179803466714
1.61616 0.0020052103385436717 0.00023966847643605013
2.0202 0.001861981028647695 0.00023095032269845818
2.42424 0.002033856200522867 0.00024137432341843785
2.82828 0.0015468765468765466 0.00021050323527366463
3.23232 0.001489584822918156 0.00020656824839170607
3.6363600000000003 0.0011171886171886171 0.00017889335072247147
4.0404 0.0016041682708349374 0.00021436600214992584
4.44444 0.0010026051692718359 0.00016947120492457932
4.84848 0.0007734382734382733 0.0001488482651237155
5.2525200000000005 0.001203126203126203 0.00018564640356954538
5.65656 0.0008880217213550546 0.00015949340947031112
6.0606 0.000830729997396664 0.0001542626878003949
6.46464 0.0011171886171886171 0.00017889335072247147
6.86868 0.0007161465494798827 0.00014322930989597654
7.2727200000000005 0.0005442713776047109 0.0001248644175179264
7.67676 0.0006875006875006874 0.00014033549018244306
8.0808 0.00042968792968792966 0.00011094494638317967
8.48484 0.0007161465494798827 0.00014322930989597654
8.88888 0.0006588548255214922 0.00013738072789229013
9.29292 0.0005442713776047109 0.0001248644175179264
9.69696 0.0006302089635422968 0.00013436100248094446
10.101 0.0006015631015631015 0.00013127183086692002
10.505040000000001 0.00040104206770873434 0.00010718300107496292
10.90908 0.0004583337916671249 0.00011458344791678123
11.31312 0.0004583337916671249 0.00011458344791678123
11.71716 0.0005156255156255156 0.0001215340995505374
12.1212 0.0002578127578127578 8.593758593758594e-05
12.52524 0.0003437503437503437 9.923217674914366e-05
12.92928 0.00040104206770873434 0.00010718300107496292
13.33332 0.00020052103385436717 7.57898268880313e-05
13.73736 0.00040104206770873434 0.00010718300107496292
14.1414 0.00022916689583356246 8.10227330336916e-05
14.545440000000001 0.0004583337916671249 0.00011458344791678123
14.949480000000001 0.0002578127578127578 8.593758593758594e-05
15.35352 0.0003151044817711484 9.500757598129836e-05
15.75756 0.00028645861979195307 9.05861693930761e-05
16.1616 0.0003437503437503437 9.923217674914366e-05
16.565640000000002 0.0002578127578127578 8.593758593758594e-05
16.96968 0.0002578127578127578 8.593758593758594e-05
17.37372 0.000372396205729539 0.00010328412419585303
17.77776 0.00022916689583356246 8.10227330336916e-05
18.1818 0.00020052103385436717 7.57898268880313e-05
18.58584 0.00020052103385436717 7.57898268880313e-05
18.98988 0.0003151044817711484 9.500757598129836e-05
19.39392 0.0003437503437503437 9.923217674914366e-05
19.79796 0.0003151044817711484 9.500757598129836e-05
20.202 0.00020052103385436717 7.57898268880313e-05
20.60604 0.00014322930989597654 6.405409465955738e-05
21.010080000000002 0.00014322930989597654 6.405409465955738e-05
21.41412 0.00040104206770873434 0.00010718300107496292
21.81816 0.0004583337916671249 0.00011458344791678123
22.2222 0.0002578127578127578 8.593758593758594e-05
22.62624 0.00017187517187517185 7.016774509122153e-05
23.03028 0.00017187517187517185 7.016774509122153e-05
23.43432 0.00020052103385436717 7.57898268880313e-05
23.83836 0.00028645861979195307 9.05861693930761e-05
24.2424 0.00022916689583356246 8.10227330336916e-05
24.646440000000002 0.00011458344791678123 5.7291723958390616e-05
25.05048 0.00022916689583356246 8.10227330336916e-05
25.454520000000002 0.0003437503437503437 9.923217674914366e-05
25.85856 0.00014322930989597654 6.405409465955738e-05
26.2626 0.00022916689583356246 8.10227330336916e-05
26.66664 0.0003437503437503437 9.923217674914366e-05
27.07068 0.00017187517187517185 7.016774509122153e-05
27.47472 0.0002578127578127578 8.593758593758594e-05
27.87876 0.00011458344791678123 5.7291723958390616e-05
28.2828 0.00040104206770873434 0.00010718300107496292
28.68684 0.0002578127578127578 8.593758593758594e-05
29.090880000000002 0.0002578127578127578 8.593758593758594e-05
29.49492 0.00017187517187517185 7.016774509122153e-05
29.898960000000002 0.000372396205729539 0.00010328412419585303
30.303 0.00014322930989597654 6.405409465955738e-05
30.70704 0.00028645861979195307 9.05861693930761e-05
31.11108 0.0003437503437503437 9.923217674914366e-05
31.51512 0.00020052103385436717 7.57898268880313e-05
31.91916 0.00020052103385436717 7.57898268880313e-05
32.3232 0.00042968792968792966 0.00011094494638317967
32.72724 0.0002578127578127578 8.593758593758594e-05
33.131280000000004 0.00020052103385436717 7.57898268880313e-05
33.53532 0.000372396205729539 0.00010328412419585303
33.93936 0.0002578127578127578 8.593758593758594e-05
34.3434 0.0002578127578127578 8.593758593758594e-05
34.74744 0.000372396205729539 0.00010328412419585303
35.15148 0.0003151044817711484 9.500757598129836e-05
35.55552 0.000372396205729539 0.00010328412419585303
35.95956 0.0003437503437503437 9.923217674914366e-05
36.3636 0.0002578127578127578 8.593758593758594e-05
36.76764 0.00022916689583356246 8.10227330336916e-05
37.17168 0.00028645861979195307 9.05861693930761e-05
37.575720000000004 0.00022916689583356246 8.10227330336916e-05
37.97976 0.00040104206770873434 0.00010718300107496292
38.3838 0.0002578127578127578 8.593758593758594e-05
38.78784 0.00028645861979195307 9.05861693930761e-05
39.19188 0.0002578127578127578 8.593758593758594e-05
39.59592 0.00022916689583356246 8.10227330336916e-05
39.99996 0.000372396205729539 0.00010328412419585303
