1.315119330701127183e+02 9.999765157699584961e-01
1.315323677435735590e+02 1.000080108642578125e+00
1.315528023169244989e+02 1.000051259994506836e+00
1.315732367901509861e+02 1.000097751617431641e+00
1.315936713632690953e+02 9.999539852142333984e-01
1.316141060362715507e+02 1.000066399574279785e+00
1.316345405091560679e+02 9.999616146087646484e-01
1.316549750819176552e+02 9.999308586120605469e-01
1.316754097546290723e+02 1.000073671340942383e+00
1.316958443271578290e+02 9.999401569366455078e-01
1.317162787996348925e+02 9.999184608459472656e-01
1.317571480442347820e+02 9.999665617942810059e-01
1.317775825163043919e+02 1.000042676925659180e+00
1.317980170883747633e+02 1.000009417533874512e+00
1.318184517602639971e+02 1.000117063522338867e+00
1.318388862320425687e+02 9.999756217002868652e-01
1.318593208037054865e+02 1.000097990036010742e+00
1.318797553753029206e+02 9.999545216560363770e-01
1.319001899467330077e+02 1.000035643577575684e+00
1.319206245181048871e+02 9.999908208847045898e-01
1.319614936604339164e+02 1.000118613243103027e+00
1.319819282314565498e+02 1.000079631805419922e+00
1.320023628023554920e+02 1.000017046928405762e+00
1.320227972731445334e+02 9.999905228614807129e-01
1.320432319438186823e+02 1.000007510185241699e+00
1.320636665143683786e+02 1.000139117240905762e+00
1.320841009848081740e+02 1.000083923339843750e+00
1.321249702253917349e+02 9.999818801879882812e-01
1.321454046954822843e+02 9.999443888664245605e-01
1.321658392654571799e+02 9.999792575836181641e-01
1.321862739353673533e+02 1.000028371810913086e+00
1.322067085051676258e+02 1.000076413154602051e+00
1.322271429747925140e+02 1.000140190124511719e+00
1.322475775443599559e+02 1.000019788742065430e+00
1.322680122138044680e+02 9.999966025352478027e-01
1.322884466830801102e+02 1.000004649162292480e+00
1.323088812523492379e+02 1.000093460083007812e+00
1.323293159213935724e+02 9.999077320098876953e-01
1.323497503904363839e+02 9.998614192008972168e-01
1.323701849592471262e+02 9.998835325241088867e-01
1.323906195280505926e+02 1.000010013580322266e+00
1.324110540966285043e+02 1.000053405761718750e+00
1.324314886651991401e+02 1.000009059906005859e+00
1.324519232335442211e+02 1.000024080276489258e+00
1.324723579018900637e+02 1.000039219856262207e+00
1.324927923700015526e+02 1.000035285949707031e+00
1.325132269381065271e+02 9.999561309814453125e-01
1.325336614061016007e+02 9.997988343238830566e-01
1.325540960738580907e+02 1.000003099441528320e+00
1.325745306416210951e+02 9.999752044677734375e-01
1.326153997766814427e+02 9.999575614929199219e-01
1.326358343440879253e+02 9.999290704727172852e-01
1.326562689113852684e+02 9.999327659606933594e-01
1.326767033784490195e+02 9.999518990516662598e-01
1.326971380455070175e+02 9.998849034309387207e-01
1.327175726124551147e+02 1.000102877616882324e+00
1.327380070792860352e+02 1.000078201293945312e+00
1.327584417459947872e+02 1.000078201293945312e+00
1.327788763124772231e+02 9.999544024467468262e-01
1.327993107789588976e+02 1.000016808509826660e+00
1.328197453453176422e+02 9.998926520347595215e-01
1.328401800114515936e+02 1.000004053115844727e+00
1.328606144775840221e+02 1.000140666961669922e+00
1.328810490435935208e+02 1.000009775161743164e+00
1.329014837094946415e+02 1.000043630599975586e+00
1.329219181752778240e+02 9.999369978904724121e-01
1.329627873063727748e+02 9.999101758003234863e-01
1.329832219718082342e+02 1.000005364418029785e+00
1.330036564370020642e+02 9.999495148658752441e-01
1.330240910022039316e+02 1.000028610229492188e+00
1.330445255672893836e+02 9.999600052833557129e-01
1.330649601322511444e+02 1.000006556510925293e+00
1.330853946969873505e+02 9.999815225601196289e-01
1.331058292617235566e+02 1.000000357627868652e+00
1.331262638263360714e+02 9.999517798423767090e-01
1.331466983907230315e+02 9.998856782913208008e-01
1.331671329551099916e+02 9.999771714210510254e-01
1.331875675193732604e+02 9.999337196350097656e-01
1.332080021834117360e+02 1.000016331672668457e+00
1.332284366474486887e+02 1.000038504600524902e+00
1.332488712113627116e+02 9.999889135360717773e-01
1.332693057750511798e+02 9.999307990074157715e-01
1.332897403387396480e+02 9.999248981475830078e-01
1.333101749021880096e+02 9.999147653579711914e-01
1.333510440288664540e+02 1.000085353851318359e+00
1.333714785920819850e+02 9.999684095382690430e-01
1.333919131550719612e+02 1.000004053115844727e+00
1.334123477180619375e+02 9.999641776084899902e-01
1.334327822808118071e+02 9.999842047691345215e-01
1.334532168435689528e+02 9.999452233314514160e-01
1.334736513060925063e+02 9.999536275863647461e-01
1.334940859684938914e+02 9.999696016311645508e-01
1.335145205309017911e+02 9.999445080757141113e-01
1.335349549930760986e+02 9.999923110008239746e-01
1.335758242170704762e+02 1.000001430511474609e+00
1.335962586790119531e+02 9.999774098396301270e-01
1.336166932407140848e+02 1.000014424324035645e+00
1.336371279023078387e+02 1.000057458877563477e+00
1.336575624637771398e+02 1.000023841857910156e+00
1.336779969251365401e+02 1.000016093254089355e+00
1.336984315863810480e+02 9.999876022338867188e-01
1.337188661475083791e+02 1.000057458877563477e+00
1.337393006085112575e+02 9.999415278434753418e-01
1.337597351694057579e+02 9.999538064002990723e-01
1.337801698301773285e+02 9.999479055404663086e-01
1.338006042908382369e+02 9.999571442604064941e-01
1.338210388512670761e+02 1.000008821487426758e+00
1.338414734116959153e+02 9.999354481697082520e-01
1.338619079720010632e+02 9.999833703041076660e-01
1.338823425320806564e+02 9.999437332153320312e-01
1.339027770921602496e+02 9.999932646751403809e-01
1.339232116521161515e+02 9.999272823333740234e-01
1.339436462118464988e+02 9.999441504478454590e-01
1.339640807715768460e+02 1.000025510787963867e+00
1.339845152310663252e+02 9.999489784240722656e-01
1.340049498904481879e+02 9.999112486839294434e-01
1.340253844498292892e+02 1.000032663345336914e+00
1.340458189089695225e+02 1.000113606452941895e+00
1.340662535680021392e+02 1.000089406967163086e+00
1.340866881269175792e+02 9.999617338180541992e-01
1.341071225857085665e+02 1.000093221664428711e+00
1.341275571445075911e+02 9.997929930686950684e-01
1.341479918030745466e+02 9.999696612358093262e-01
1.341684263614006341e+02 1.000021219253540039e+00
1.341888608197332360e+02 1.000025629997253418e+00
1.342092954779509455e+02 1.000128507614135742e+00
1.342297300360442023e+02 9.999712705612182617e-01
1.342501644940275582e+02 1.000103592872619629e+00
1.342705990517788450e+02 1.000050902366638184e+00
1.342910337095236173e+02 9.999853968620300293e-01
1.343114681670413120e+02 1.000073075294494629e+00
1.343319027245597681e+02 1.000037074089050293e+00
1.343523373818388791e+02 1.000037312507629395e+00
1.343727718391237431e+02 1.000078320503234863e+00
1.344136409531056415e+02 9.999983310699462891e-01
1.344340755099256057e+02 1.000097513198852539e+00
1.344545100666291546e+02 9.999334812164306641e-01
1.344749446232090122e+02 1.000095963478088379e+00
1.344953792796804919e+02 9.998884201049804688e-01
1.345158137360340334e+02 9.999504089355468750e-01
1.345362482922646450e+02 9.998805522918701172e-01
1.345566827482689405e+02 1.000049471855163574e+00
1.345771174042747589e+02 9.999988675117492676e-01
1.346179864158111741e+02 9.998732209205627441e-01
1.346384209714669851e+02 1.000123858451843262e+00
1.346588556268834509e+02 9.999178051948547363e-01
1.346792901821900159e+02 9.998588562011718750e-01
1.346997247373801656e+02 9.999551177024841309e-01
1.347201592924466240e+02 1.000037193298339844e+00
1.347405938474039431e+02 9.999132156372070312e-01
1.347814628569612978e+02 1.000036239624023438e+00
1.348018975115701323e+02 9.999570250511169434e-01
1.348223320660617901e+02 9.999948143959045410e-01
1.348427665203198558e+02 9.999101161956787109e-01
1.348632011745721684e+02 1.000046253204345703e+00
1.349040702825004701e+02 1.000020384788513184e+00
1.349449393900868017e+02 9.999523162841796875e-01
1.349653739436398610e+02 1.000028610229492188e+00
1.349858083970830194e+02 9.999525547027587891e-01
1.350062430504112854e+02 9.999835491180419922e-01
1.350266776034986833e+02 1.000022649765014648e+00
1.350675466095708543e+02 1.000038862228393555e+00
1.350879812623097678e+02 9.999220371246337891e-01
1.351084157149380189e+02 9.999216198921203613e-01
1.351288502675670316e+02 9.999728798866271973e-01
1.351697194722364657e+02 1.000014543533325195e+00
1.351901539243990555e+02 1.000023245811462402e+00
1.352105884764387156e+02 9.999465942382812500e-01
1.352310231283699977e+02 9.999341368675231934e-01
1.352514575800669263e+02 1.000000000000000000e+00
1.352718921317573404e+02 1.000167369842529297e+00
1.352923265832214383e+02 1.000067114830017090e+00
1.353127612346870592e+02 1.000022768974304199e+00
1.353331957859118120e+02 1.000114917755126953e+00
1.353536302370266640e+02 9.999342560768127441e-01
1.353740648880266235e+02 1.000139355659484863e+00
1.353944994389021304e+02 9.999683499336242676e-01
1.354149339896684978e+02 1.000082015991210938e+00
1.354353684403176885e+02 1.000070095062255859e+00
1.354558030907282955e+02 9.999591708183288574e-01
1.354762376411454170e+02 1.000073909759521484e+00
1.354966720913289464e+02 1.000074267387390137e+00
1.355171067413903074e+02 1.000047922134399414e+00
1.355375412913417676e+02 1.000005602836608887e+00
1.355579757411760511e+02 9.999681711196899414e-01
1.355784102908946807e+02 9.999551773071289062e-01
1.355988449404903804e+02 9.998691678047180176e-01
1.356192793899754179e+02 1.000052571296691895e+00
1.356397139392211102e+02 1.000047922134399414e+00
1.356805831374949776e+02 1.000049471855163574e+00
1.357010175863979384e+02 1.000096082687377930e+00
1.357214521351779695e+02 1.000072002410888672e+00
1.357418867838496226e+02 1.000155448913574219e+00
1.357623212323960615e+02 9.999374747276306152e-01
1.357827557808341226e+02 1.000010609626770020e+00
1.358031904290401144e+02 9.999717473983764648e-01
1.358236248772445833e+02 1.000035524368286133e+00
1.358440594252097071e+02 1.000043869018554688e+00
1.358644939730656915e+02 9.999814629554748535e-01
1.358849285207979847e+02 1.000240683555603027e+00
1.359053630684211385e+02 1.000002264976501465e+00
1.359257976159278769e+02 9.997034668922424316e-01
1.359462320632010233e+02 9.992967844009399414e-01
1.359666667104684166e+02 9.993759989738464355e-01
1.359871012575094937e+02 9.992445111274719238e-01
1.360075357044333941e+02 9.994374513626098633e-01
1.360279703513515415e+02 9.993249773979187012e-01
1.360484048979269573e+02 9.995341300964355469e-01
1.360688393445016118e+02 9.998877048492431641e-01
1.360892738909533364e+02 9.999867081642150879e-01
1.361097085372966831e+02 9.998939037322998047e-01
1.361301430833991617e+02 1.000191450119018555e+00
1.361505775293917395e+02 9.999302625656127930e-01
1.361710121752694249e+02 1.000023722648620605e+00
1.361914467210299335e+02 1.000003337860107422e+00
1.362118811666659894e+02 1.000004053115844727e+00
1.362323157121936674e+02 1.000078916549682617e+00
1.362527503574820003e+02 1.000007152557373047e+00
1.362731848027760861e+02 9.999538660049438477e-01
1.362936193478381028e+02 1.000031352043151855e+00
1.363344884376056143e+02 1.000012278556823730e+00
1.363549229823183850e+02 1.000029921531677246e+00
1.363753575267983251e+02 1.000002384185791016e+00
1.363957920712709893e+02 9.999964833259582520e-01
1.364366611596487928e+02 1.000007510185241699e+00
1.364570958036565571e+02 1.000078082084655762e+00
1.364775302475536591e+02 9.998174309730529785e-01
1.364979647913351073e+02 9.999466538429260254e-01
1.365183993348764488e+02 1.000106573104858398e+00
1.365388338784250664e+02 1.000021219253540039e+00
1.365592684217408532e+02 1.000105619430541992e+00
1.365797029649329488e+02 1.000002264976501465e+00
1.366410065937088802e+02 1.000053405761718750e+00
1.366614411364425905e+02 1.000104665756225586e+00
1.366818756789434701e+02 1.000034451484680176e+00
1.367023102213206585e+02 1.000051617622375488e+00
1.367227447635887074e+02 1.000061750411987305e+00
1.367431792056231643e+02 1.000104308128356934e+00
1.367840483894542558e+02 9.999249577522277832e-01
1.368044828312558820e+02 9.999317526817321777e-01
1.368249174728189246e+02 9.998829364776611328e-01
1.368453520142720663e+02 1.000019431114196777e+00
1.368657865554851014e+02 1.000090122222900391e+00
1.368862209967046510e+02 1.000012993812561035e+00
1.369066556376928929e+02 9.999445676803588867e-01
1.369270901785639580e+02 1.000020265579223633e+00
1.369475246193105704e+02 1.000024437904357910e+00
1.369679592599495663e+02 1.000049948692321777e+00
1.369883938004641095e+02 9.999436736106872559e-01
1.370088282407523366e+02 1.000111341476440430e+00
1.370292627810413251e+02 1.000006318092346191e+00
1.370496974210982444e+02 9.999913573265075684e-01
1.370701318610299495e+02 1.000038027763366699e+00
1.370905664007368614e+02 1.000133633613586426e+00
1.371110010404372588e+02 9.999731183052062988e-01
1.371314354799105786e+02 9.999274015426635742e-01
1.371518700193846598e+02 9.999194741249084473e-01
1.371723045586259104e+02 1.000067353248596191e+00
1.371927391976278159e+02 1.000059723854064941e+00
1.372131736366354744e+02 1.000040173530578613e+00
1.372336081755274790e+02 1.000074505805969238e+00
1.372540426141786156e+02 9.999876618385314941e-01
1.372744772527221357e+02 1.000094056129455566e+00
1.372949117911484791e+02 1.000143647193908691e+00
1.373153462293339544e+02 1.000089406967163086e+00
1.373357808675282286e+02 1.000131964683532715e+00
1.373970843810529914e+02 1.000063776969909668e+00
1.374175190186651889e+02 1.000000357627868652e+00
1.374379535561529337e+02 1.000091314315795898e+00
1.374788226305608987e+02 9.999873042106628418e-01
1.374992571675829822e+02 9.999737143516540527e-01
1.375401261411752785e+02 1.000062108039855957e+00
1.375605607777324622e+02 1.000141501426696777e+00
1.375809952142953989e+02 9.999434351921081543e-01
1.376014297505098511e+02 1.000064492225646973e+00
1.376218643867177889e+02 1.000030755996704102e+00
1.376422989228158258e+02 1.000020146369934082e+00
1.376627333586802706e+02 1.000059366226196289e+00
1.376831678944217856e+02 9.999423623085021973e-01
1.377036025300549227e+02 1.000088572502136230e+00
1.377240369655701215e+02 1.000075459480285645e+00
1.377444715008459752e+02 1.000034809112548828e+00
1.377649061360134510e+02 1.000055551528930664e+00
1.377853405710629886e+02 9.999809265136718750e-01
1.378057751059895963e+02 1.000071525573730469e+00
1.378262095408063033e+02 9.999649524688720703e-01
1.378466441753917024e+02 1.000005602836608887e+00
1.378670787098526489e+02 1.000064253807067871e+00
1.378875132442044560e+02 9.998850822448730469e-01
1.379079476784390863e+02 9.999591112136840820e-01
1.379283823124351329e+02 1.000087499618530273e+00
1.379488168464376940e+02 1.000213265419006348e+00
1.379896859138534637e+02 9.999576807022094727e-01
1.380305548806936713e+02 9.999936819076538086e-01
1.380509894138813252e+02 1.000013947486877441e+00
1.380714240469460492e+02 1.000072956085205078e+00
1.380918585799008724e+02 9.999449253082275391e-01
1.381327276453375816e+02 9.999536275863647461e-01
1.381735966100750375e+02 9.999697804450988770e-01
1.381940311423313688e+02 1.000072121620178223e+00
1.382144657743556309e+02 1.000082612037658691e+00
1.382349003063718555e+02 1.000091671943664551e+00
1.382553347380453488e+02 1.000043034553527832e+00
1.382757693697203649e+02 1.000089049339294434e+00
1.382962039012709283e+02 1.000039458274841309e+00
1.383166383325951756e+02 1.000011563301086426e+00
1.383370728638037690e+02 1.000018119812011719e+00
1.383575074948894326e+02 9.999932050704956055e-01
1.383779420257487800e+02 9.999729990959167480e-01
1.383983764564909507e+02 1.000054121017456055e+00
1.384188110871109529e+02 9.999974966049194336e-01
1.384392456176210544e+02 1.000104784965515137e+00
1.384596800480139791e+02 1.000042200088500977e+00
1.384801145781675586e+02 1.000031471252441406e+00
1.385005492082127603e+02 1.000085592269897461e+00
1.385209836381400237e+02 1.000058650970458984e+00
1.385618526975231362e+02 1.000127792358398438e+00
1.385822872269854997e+02 9.999716281890869141e-01
1.386027217563241720e+02 1.000045299530029297e+00
1.386231562854372896e+02 1.000025153160095215e+00
1.386435908145504072e+02 9.999700188636779785e-01
1.386640253434234182e+02 1.000045657157897949e+00
1.386844598721872899e+02 1.000161647796630859e+00
1.387048943007175694e+02 1.000016570091247559e+00
1.387253289292420959e+02 9.999870061874389648e-01
1.387457634575403063e+02 1.000076770782470703e+00
1.387661978857213398e+02 1.000067830085754395e+00
1.387866325136637897e+02 1.000066995620727539e+00
1.388275014693281264e+02 9.999622702598571777e-01
1.388479359968041535e+02 9.999788999557495117e-01
1.388683706242882181e+02 1.000015854835510254e+00
1.388888051515386906e+02 9.999845623970031738e-01
1.389092395786719862e+02 1.000044226646423340e+00
1.389296742056831135e+02 1.000068664550781250e+00
1.389501087325843400e+02 1.000090003013610840e+00
1.389705431592446985e+02 9.999674558639526367e-01
1.389909776857966790e+02 9.999648928642272949e-01
1.390114123122330057e+02 1.000045418739318848e+00
1.390318467384349788e+02 9.998967647552490234e-01
1.390522812645140220e+02 1.000121355056762695e+00
1.390727158904846874e+02 9.999899268150329590e-01
1.390931503163301386e+02 9.999397993087768555e-01
1.391135848419507965e+02 9.999603033065795898e-01
1.391340193674550392e+02 1.000016927719116211e+00
1.391544538928428665e+02 1.000107407569885254e+00
1.391748884181070025e+02 1.000070095062255859e+00
1.391953229431455838e+02 1.000023961067199707e+00
1.392157573680669884e+02 9.999778270721435547e-01
1.392361919928662246e+02 1.000072717666625977e+00
1.392566265175555600e+02 1.000070333480834961e+00
1.392770609420113033e+02 1.000078201293945312e+00
1.392974955663448782e+02 1.000074505805969238e+00
1.393179300904521369e+02 1.000063896179199219e+00
1.393383646145521197e+02 1.000086069107055664e+00
1.393587990384257864e+02 1.000022411346435547e+00
1.393996681857097428e+02 1.000028729438781738e+00
1.394201026092268876e+02 1.000038504600524902e+00
1.394405372325200005e+02 1.000015616416931152e+00
1.394609717555722455e+02 9.999228119850158691e-01
1.394814061786310049e+02 9.999617338180541992e-01
1.395018407014576951e+02 9.999905228614807129e-01
1.395222753241687315e+02 9.999151229858398438e-01
1.395427097466381383e+02 9.999581575393676758e-01
1.395631442691155826e+02 1.000059247016906738e+00
1.395835788913536817e+02 9.998428225517272949e-01
1.396040133133647032e+02 9.999748468399047852e-01
1.396244478353764862e+02 9.999085068702697754e-01
1.396448823571554385e+02 9.999976158142089844e-01
1.396653169788114610e+02 9.997984766960144043e-01
1.396857514002404059e+02 9.999162554740905762e-01
1.397061859216701123e+02 9.999690055847167969e-01
1.397266204428597121e+02 9.999272227287292480e-01
1.397674894847878022e+02 1.000088572502136230e+00
1.397879240055117407e+02 1.000017881393432617e+00
1.398083585260101245e+02 1.000010013580322266e+00
1.398287930465085083e+02 1.000005483627319336e+00
1.398696620869159233e+02 9.999873638153076172e-01
1.398900966069486458e+02 1.000066399574279785e+00
1.399309656464247382e+02 9.999461174011230469e-01
1.399514002659852849e+02 9.999557733535766602e-01
1.399922692045365693e+02 1.000031948089599609e+00
1.400127036236372078e+02 1.000013470649719238e+00
1.400535727612514165e+02 9.998908042907714844e-01
1.400740072798798792e+02 9.999342560768127441e-01
1.400944417983992025e+02 9.999590516090393066e-01
1.401148763166856952e+02 9.999569058418273926e-01
1.401353108348557726e+02 1.000020265579223633e+00
1.401557452529013972e+02 9.999890923500061035e-01
1.401761798707229900e+02 1.000020623207092285e+00
1.401966143884201301e+02 1.000003814697265625e+00
1.402170488058909541e+02 1.000028729438781738e+00
1.402374834233633010e+02 9.999678730964660645e-01
1.402579179406020558e+02 1.000041246414184570e+00
1.402783523577163578e+02 9.998663067817687988e-01
1.403192214913724456e+02 9.999677538871765137e-01
1.403396559080283623e+02 9.999659061431884766e-01
1.403805249407596420e+02 9.998760223388671875e-01
1.404009595569441444e+02 9.998820424079895020e-01
1.404213939730179845e+02 1.000054001808166504e+00
1.404418284888597555e+02 9.999370574951171875e-01
1.404622631045785965e+02 1.000106811523437500e+00
1.405031320355628850e+02 1.000040650367736816e+00
1.405235664506981266e+02 9.999058842658996582e-01
1.405644355807526154e+02 1.000041961669921875e+00
1.405848700955393724e+02 9.999852776527404785e-01
1.406053046102169901e+02 9.999812245368957520e-01
1.406257391246617772e+02 9.998570680618286133e-01
1.406461736389828729e+02 1.000075817108154297e+00
1.406870426670575398e+02 9.999408721923828125e-01
1.407074771809129743e+02 9.999480247497558594e-01
1.407279115946585080e+02 9.999408721923828125e-01
1.407483462081727339e+02 9.999637603759765625e-01
1.407892151347259642e+02 9.999951124191284180e-01
1.408300842608150560e+02 9.999970197677612305e-01
1.408505187735136133e+02 1.000052809715270996e+00
1.408709531860949937e+02 9.999630451202392578e-01
1.408913876985534444e+02 9.999036788940429688e-01
1.409118223109035171e+02 9.999660253524780273e-01
1.409322567230192362e+02 1.000053763389587402e+00
1.409526912350120256e+02 1.000025272369384766e+00
1.409731258467800217e+02 1.000002264976501465e+00
1.409935602584300796e+02 1.000050902366638184e+00
1.410139947699572076e+02 9.999833703041076660e-01
1.410344292812587810e+02 1.000014305114746094e+00
1.410548637924439390e+02 9.999939799308776855e-01
1.410752983035054058e+02 9.998999238014221191e-01
1.410957328144577332e+02 1.000096917152404785e+00
1.411161673251772299e+02 1.000012636184692383e+00
1.411366018356566201e+02 1.000157833099365234e+00
1.411570363461432862e+02 1.000103950500488281e+00
1.411774707563963602e+02 1.000033855438232422e+00
1.411979053664108505e+02 1.000024199485778809e+00
1.412183398763154401e+02 1.000040888786315918e+00
1.412387742861028528e+02 9.999134540557861328e-01
1.412592088957680971e+02 1.000011563301086426e+00
1.412796434052070254e+02 9.999743700027465820e-01
1.413000778145287768e+02 1.000005006790161133e+00
1.413205123236111831e+02 1.000061750411987305e+00
1.413409469325852115e+02 9.998614192008972168e-01
1.413613814414420631e+02 9.999447464942932129e-01
1.413818158501744620e+02 1.000122189521789551e+00
1.414022503586820676e+02 1.000126600265502930e+00
1.414226849669576040e+02 9.999330639839172363e-01
1.414431194752251031e+02 1.000005722045898438e+00
1.414635538832662860e+02 9.999811053276062012e-01
1.414839884910761612e+02 1.000002026557922363e+00
1.415044229987615836e+02 1.000033020973205566e+00
1.415248574063371052e+02 1.000055789947509766e+00
1.415657264210167341e+02 1.000045657157897949e+00
1.415861610281281173e+02 9.999588131904602051e-01
1.416065954350051470e+02 1.000061273574829102e+00
1.416270300417600083e+02 1.000087618827819824e+00
1.416474645482885535e+02 1.000074863433837891e+00
1.416883334611047758e+02 1.000082969665527344e+00
1.417087680671684211e+02 1.000137805938720703e+00
1.417292024731141282e+02 9.999843239784240723e-01
1.417496369789369055e+02 9.999722242355346680e-01
1.417700715845348896e+02 1.000048756599426270e+00
1.417905059900149354e+02 1.000039458274841309e+00
1.418109404953720514e+02 1.000142812728881836e+00
1.418313750005036127e+02 1.000164508819580078e+00
1.418518095055187587e+02 1.000072956085205078e+00
1.418722440102937981e+02 1.000028967857360840e+00
1.418926785149596981e+02 1.000013470649719238e+00
1.419131131195099442e+02 1.000035524368286133e+00
1.419539820280187996e+02 1.000051736831665039e+00
1.419744164321018616e+02 1.000095844268798828e+00
1.419948510359463398e+02 1.000020503997802734e+00
1.420152855396809173e+02 1.000102162361145020e+00
1.420357199431819026e+02 9.999766349792480469e-01
1.420561544465599582e+02 1.000131964683532715e+00
1.420765890498296358e+02 9.999647736549377441e-01
1.420970235528657213e+02 1.000015974044799805e+00
1.421174579557846300e+02 1.000091910362243652e+00
1.421378925584649551e+02 1.000005245208740234e+00
1.421583270610353793e+02 1.000132441520690918e+00
1.421787614634813508e+02 1.000035524368286133e+00
1.421991959657025291e+02 1.000104904174804688e+00
1.422196305678080535e+02 1.000041961669921875e+00
1.422400649696792243e+02 1.000061154365539551e+00
1.422809340730673284e+02 1.000011205673217773e+00
1.423013684744655620e+02 1.000036239624023438e+00
1.423218029757554177e+02 1.000049710273742676e+00
1.423422374768124428e+02 1.000042796134948730e+00
1.423831064785699709e+02 1.000063419342041016e+00
1.424035409791613347e+02 9.999436140060424805e-01
1.424239755796297686e+02 1.000178217887878418e+00
1.424444099799875403e+02 1.000065803527832031e+00
1.424648444801132428e+02 9.999649524688720703e-01
1.424852788800053531e+02 1.000137805938720703e+00
1.425261479794353363e+02 9.999696016311645508e-01
1.425465824789716862e+02 9.999593496322631836e-01
1.425670168782817200e+02 1.000067949295043945e+00
1.425874514773604460e+02 1.000050306320190430e+00
1.426078859763219953e+02 1.000105261802673340e+00
1.426283203751590918e+02 1.000079631805419922e+00
1.426487549737721565e+02 1.000026941299438477e+00
1.426691894722607685e+02 9.999783635139465332e-01
1.426896238706394797e+02 1.000144004821777344e+00
1.427304929668171098e+02 9.999492764472961426e-01
1.427509273646064685e+02 1.000057220458984375e+00
1.427713618622874492e+02 1.000104546546936035e+00
1.427917964597290847e+02 1.000025153160095215e+00
1.428122308570600580e+02 1.000032663345336914e+00
1.428326653542753775e+02 1.000061154365539551e+00
1.428530998512578662e+02 9.998611211776733398e-01
1.428735344481174252e+02 9.999707937240600586e-01
1.428939688447499066e+02 9.999538660049438477e-01
1.429144033412667341e+02 9.999348521232604980e-01
1.429348379375442164e+02 9.998958706855773926e-01
1.429552723337110365e+02 9.999120831489562988e-01
1.429757068297622027e+02 1.000066280364990234e+00
1.430165758212751825e+02 9.999076724052429199e-01
1.430574448120896704e+02 1.000084161758422852e+00
1.430778793073259294e+02 1.000000000000000000e+00
1.430983138023293577e+02 1.000058412551879883e+00
1.431187482970926794e+02 1.000088691711425781e+00
1.431391827917468618e+02 9.999672770500183105e-01
1.431596172862773528e+02 1.000154972076416016e+00
1.431800517805822892e+02 1.000066399574279785e+00
1.432004861747700488e+02 1.000063657760620117e+00
1.432209206688421546e+02 1.000063061714172363e+00
1.432413552626749151e+02 9.999343156814575195e-01
1.432617897562813596e+02 1.000182628631591797e+00
1.432822242497641128e+02 1.000030159950256348e+00
1.433026587431377266e+02 1.000041604042053223e+00
1.433230932362785097e+02 9.999812245368957520e-01
1.433843967147622607e+02 1.000047922134399414e+00
1.434048312073136913e+02 1.000005483627319336e+00
1.434252655996388057e+02 1.000173687934875488e+00
1.434457001917326124e+02 1.000085949897766113e+00
1.434661346837092424e+02 9.999473094940185547e-01
1.435070035671888036e+02 9.999109506607055664e-01
1.435274381586932577e+02 9.999944567680358887e-01
1.435478726499713957e+02 9.999976754188537598e-01
1.435683070411323570e+02 1.000003218650817871e+00
1.435887416321784258e+02 9.999911785125732422e-01
1.436091761229836266e+02 9.997701048851013184e-01
1.436296105135625112e+02 9.999850988388061523e-01
1.436500450040257419e+02 1.000000953674316406e+00
1.436704795943660429e+02 1.000034213066101074e+00
1.436909139844792662e+02 1.000058412551879883e+00
1.437113484744768357e+02 9.999399781227111816e-01
1.437317829642342986e+02 9.999573230743408203e-01
1.437522174538826221e+02 1.000154256820678711e+00
1.437726519432981149e+02 1.000025510787963867e+00
1.437930864325899165e+02 1.000086903572082520e+00
1.438135209216561634e+02 9.999729990959167480e-01
1.438339554106059950e+02 1.000004172325134277e+00
1.438543898994321353e+02 9.999991059303283691e-01
1.438748242880319594e+02 9.998663663864135742e-01
1.438952588764004759e+02 9.999120831489562988e-01
1.439156933647609549e+02 1.000041365623474121e+00
1.439361277527787024e+02 1.000054121017456055e+00
1.439565623406815575e+02 9.998368024826049805e-01
1.439769968284599599e+02 9.999994039535522461e-01
1.439974312160120462e+02 1.000037789344787598e+00
1.440178657034484786e+02 1.000027060508728027e+00
1.440587347777327523e+02 1.000017523765563965e+00
1.440791691647027619e+02 1.000061035156250000e+00
1.440996037513177725e+02 9.999910593032836914e-01
1.441200382379392977e+02 1.000143408775329590e+00
1.441404726243272307e+02 1.000145435333251953e+00
1.441609071104758186e+02 9.998980760574340820e-01
1.442017760824383004e+02 9.999343752861022949e-01
1.442222105681212270e+02 1.000057697296142578e+00
1.442426451535793603e+02 9.999210834503173828e-01
1.442630795389195555e+02 1.000054001808166504e+00
1.442835140241368208e+02 9.999938607215881348e-01
1.443039485091285314e+02 1.000037193298339844e+00
1.443243829940038268e+02 9.999370574951171875e-01
1.443652519631650648e+02 9.999746084213256836e-01
1.443856863474575221e+02 1.000080943107604980e+00
1.444061209316278109e+02 9.999006986618041992e-01
1.444265554155717837e+02 1.000010848045349121e+00
1.444674243829867919e+02 1.000017404556274414e+00
1.444878588664651033e+02 1.000081896781921387e+00
1.445082932497098227e+02 9.999516606330871582e-01
1.445491623157286085e+02 9.999654293060302734e-01
1.445900311810546555e+02 9.999756217002868652e-01
1.446104657634787145e+02 1.000088572502136230e+00
1.446513346277497476e+02 9.999159574508666992e-01
1.446717691095982445e+02 9.999284148216247559e-01
1.446922036913310876e+02 9.998987317085266113e-01
1.447126380729387165e+02 1.000055193901062012e+00
1.447330725542051368e+02 9.999501705169677734e-01
1.447535071354723186e+02 9.998834729194641113e-01
1.447739415164978709e+02 9.999753236770629883e-01
1.447943759972986300e+02 1.000002861022949219e+00
1.448148104779829737e+02 9.999618530273437500e-01
1.448352450584279723e+02 9.999942779541015625e-01
1.448556794387623086e+02 1.000004768371582031e+00
1.448761139189809910e+02 9.999067783355712891e-01
1.448965483988431515e+02 9.999995231628417969e-01
1.449169828787125880e+02 9.999045729637145996e-01
1.449374173583491938e+02 1.000040531158447266e+00
1.449578518377456930e+02 9.999557733535766602e-01
1.449782864170338144e+02 9.998993873596191406e-01
1.449987207960875821e+02 9.999705553054809570e-01
1.450191552750184201e+02 9.999609589576721191e-01
1.450395897537237033e+02 1.000077605247497559e+00
1.450600242323125713e+02 1.000064253807067871e+00
1.450804587106613326e+02 9.999765753746032715e-01
1.451008931889009546e+02 1.000015139579772949e+00
1.451213277670249227e+02 1.000013232231140137e+00
1.451417621447908459e+02 1.000246644020080566e+00
1.451621966225648066e+02 1.000068902969360352e+00
1.451826309999887599e+02 1.000160336494445801e+00
1.452030655772905448e+02 9.999995231628417969e-01
1.452235000544824288e+02 9.993965029716491699e-01
1.452439344314407208e+02 9.993225336074829102e-01
1.452643690082768444e+02 9.992451667785644531e-01
1.452848034848866519e+02 9.993380308151245117e-01
1.453256723376398440e+02 9.993559718132019043e-01
1.453461069136610604e+02 9.997439384460449219e-01
1.453665413895723759e+02 9.999752640724182129e-01
1.453869757653592387e+02 9.999991059303283691e-01
1.454074103409220697e+02 9.999849796295166016e-01
1.454278448163677240e+02 1.000046014785766602e+00
1.454482791915797861e+02 1.000042200088500977e+00
1.454891482414168422e+02 1.000071406364440918e+00
1.455095826160395518e+02 9.999033808708190918e-01
1.455300170905538835e+02 9.999517798423767090e-01
1.455504515648353845e+02 9.999469518661499023e-01
1.455708861389939557e+02 1.000163078308105469e+00
1.455913205129254493e+02 9.999153017997741699e-01
1.456117549867412890e+02 9.999336004257202148e-01
1.456321895603177836e+02 9.999660849571228027e-01
1.456526239337836159e+02 1.000012516975402832e+00
1.456730584070173791e+02 9.998660087585449219e-01
1.456934927801339654e+02 9.999542236328125000e-01
1.457139273530119681e+02 9.998495578765869141e-01
1.457547962983080652e+02 9.999656081199645996e-01
1.457752307706105057e+02 9.999738335609436035e-01
1.457956652427965309e+02 1.000154614448547363e+00
1.458160997147497255e+02 1.000016450881958008e+00
1.458365340865784674e+02 9.999885559082031250e-01
1.458774031296634348e+02 9.999694824218750000e-01
1.458978375009173760e+02 1.000005602836608887e+00
1.459182720720564248e+02 1.000151157379150391e+00
1.459387065429618815e+02 9.999536275863647461e-01
1.459591409137428855e+02 9.999746084213256836e-01
1.459795753842990962e+02 9.999171495437622070e-01
1.460000099546159618e+02 9.999452233314514160e-01
1.460204444248229265e+02 1.000074028968811035e+00
1.460408787949127145e+02 1.000010371208190918e+00
1.460613133647711948e+02 9.998996853828430176e-01
1.460817478343888070e+02 1.000038385391235352e+00
1.461226166731721605e+02 9.999527931213378906e-01
1.461430512422084576e+02 1.000014305114746094e+00
1.461634856112505076e+02 9.998911619186401367e-01
1.461839200799440732e+02 1.000062584877014160e+00
1.462043545485139475e+02 1.000057697296142578e+00
1.462247890168582671e+02 9.999833703041076660e-01
1.462452234850861714e+02 1.000023007392883301e+00
1.462656579531903844e+02 1.000058770179748535e+00
1.462860924209526274e+02 9.999420642852783203e-01
1.463065268887148704e+02 9.999271631240844727e-01
1.463473957234164118e+02 9.999215602874755859e-01
1.463882647575373994e+02 1.000045418739318848e+00
1.464086991242511431e+02 1.000004053115844727e+00
1.464291336908499943e+02 9.999447464942932129e-01
1.464495681572079775e+02 9.999399781227111816e-01
1.464700025234560599e+02 9.999799132347106934e-01
1.464904370894655585e+02 9.999619126319885254e-01
1.465108715553651564e+02 9.999159574508666992e-01
1.465313060210319236e+02 9.999979734420776367e-01
1.465517403864650987e+02 9.999244809150695801e-01
1.465721749517761054e+02 1.000004053115844727e+00
1.465926094168607960e+02 1.000049591064453125e+00
1.466130438818217954e+02 1.000014662742614746e+00
1.466334782465564786e+02 9.999563097953796387e-01
1.466539128111762693e+02 9.998548626899719238e-01
1.466743472755624680e+02 1.000060677528381348e+00
1.466947816397077986e+02 9.999482035636901855e-01
1.467152162037455128e+02 9.999868273735046387e-01
1.467356506675423589e+02 1.000072002410888672e+00
1.467560851312300656e+02 9.999522566795349121e-01
1.467765194946841802e+02 1.000025868415832520e+00
1.467969540580234025e+02 1.000056147575378418e+00
1.468173885211217566e+02 9.999954104423522949e-01
1.468378228839937947e+02 9.999521374702453613e-01
1.468582573467501788e+02 9.999476075172424316e-01
1.468991262716735946e+02 9.998827576637268066e-01
1.469195607338479022e+02 9.999051094055175781e-01
1.469399952957828646e+02 1.000052213668823242e+00
1.469604296576071647e+02 9.999238252639770508e-01
1.469808641193158110e+02 9.999480843544006348e-01
1.470012985806679353e+02 9.998484849929809570e-01
1.470217330420273356e+02 9.998211860656738281e-01
1.470626019639239530e+02 1.000046372413635254e+00
1.470830365247020382e+02 9.998709559440612793e-01
1.471034708851293544e+02 9.999035000801086426e-01
1.471239053455501562e+02 9.998793601989746094e-01
1.471443397056282265e+02 1.000055789947509766e+00
1.471647742655914044e+02 9.998490214347839355e-01
1.471852087254301296e+02 1.000004768371582031e+00
1.472056430849261233e+02 9.999235272407531738e-01
1.472260776444236399e+02 9.999687075614929199e-01
1.472465121035638731e+02 9.999725818634033203e-01
1.472669465625949670e+02 9.999397993087768555e-01
1.472873809215088841e+02 9.999628663063049316e-01
1.473078154801842174e+02 1.000010848045349121e+00
1.473282499386332347e+02 1.000099539756774902e+00
1.473486842969650752e+02 9.999487996101379395e-01
1.473691187550575705e+02 1.000068426132202148e+00
1.473895533129252726e+02 9.999625086784362793e-01
1.474099876706750365e+02 9.998325705528259277e-01
1.474304221281854552e+02 9.999073743820190430e-01
1.474508566855874960e+02 9.998409152030944824e-01
1.474712910427551833e+02 9.999154806137084961e-01
1.474917254996835254e+02 9.998868703842163086e-01
1.475121599565027282e+02 9.999132156372070312e-01
1.475325945132062770e+02 9.998992085456848145e-01
1.475530288695517811e+02 9.999607801437377930e-01
1.475938978819103795e+02 9.999904036521911621e-01
1.476143322376738070e+02 9.999396204948425293e-01
1.476347666934452718e+02 1.000083208084106445e+00
1.476552010488667293e+02 9.999501109123229980e-01
1.476960700593554066e+02 9.999272823333740234e-01
1.477165044141947874e+02 9.999876618385314941e-01
1.477369389689119998e+02 9.999623298645019531e-01
1.477573734235193115e+02 9.999935626983642578e-01
1.477778078778937925e+02 9.999768137931823730e-01
1.477982422320346814e+02 1.000004768371582031e+00
1.478186767860534019e+02 1.000029683113098145e+00
1.478391112398458063e+02 9.999049305915832520e-01
1.478595455933973426e+02 9.999147653579711914e-01
1.478799800468405010e+02 9.999643564224243164e-01
1.479208489531374653e+02 9.999760985374450684e-01
1.479412834059985471e+02 9.999917149543762207e-01
1.479617179586275597e+02 9.999656081199645996e-01
1.479821523111313581e+02 1.000029802322387695e+00
1.480230212154565379e+02 1.000036716461181641e+00
1.480434557673797826e+02 9.999084472656250000e-01
1.480638901191923651e+02 1.000042796134948730e+00
1.480843245706564630e+02 9.998782277107238770e-01
1.481047591219976312e+02 9.999437332153320312e-01
1.481251934731117217e+02 9.999042153358459473e-01
1.481456279241101583e+02 9.999868273735046387e-01
1.481660623748684884e+02 9.999344348907470703e-01
1.481864968255176791e+02 9.999895691871643066e-01
1.482069312758176238e+02 9.999672174453735352e-01
1.482273657261102926e+02 9.999557733535766602e-01
1.482478002760617528e+02 9.999082088470458984e-01
1.482682346258952748e+02 9.998768568038940430e-01
1.482886690754894516e+02 9.999420046806335449e-01
1.483295379742266960e+02 9.998934864997863770e-01
1.483499724232387962e+02 9.998626112937927246e-01
1.483704068721417570e+02 9.998472332954406738e-01
1.483908412208111258e+02 1.000028610229492188e+00
1.484112757693583262e+02 1.000070452690124512e+00
1.484317102175627952e+02 9.999390244483947754e-01
1.484521446657672641e+02 9.999819993972778320e-01
1.484725791136152111e+02 1.000019669532775879e+00
1.484930135613540187e+02 9.999668598175048828e-01
1.485134480088599958e+02 1.000027298927307129e+00
1.485338823562487960e+02 1.000103831291198730e+00
1.485543169033990125e+02 9.999755024909973145e-01
1.485747513503229129e+02 9.999604821205139160e-01
1.485951856971223606e+02 9.999765753746032715e-01
1.486156202436977765e+02 9.999798536300659180e-01
1.486360546900396002e+02 9.998955130577087402e-01
1.486564890362642473e+02 1.000016212463378906e+00
1.486769234822495491e+02 9.998979568481445312e-01
1.486973580280100578e+02 9.999144077301025391e-01
1.487177923736453522e+02 9.999975562095642090e-01
1.487382268190558534e+02 9.999374747276306152e-01
1.487586613643507008e+02 9.999038577079772949e-01
1.487790958094046800e+02 9.998704195022583008e-01
1.487995301542323432e+02 9.999533295631408691e-01
1.488199645988279372e+02 9.999722838401794434e-01
1.488608334875461878e+02 9.998824596405029297e-01
1.488812679316761205e+02 1.000091910362243652e+00
1.489017024755667080e+02 1.000010013580322266e+00
1.489221368192302180e+02 9.998837709426879883e-01
1.489425712626616587e+02 9.998672008514404297e-01
1.489630057059694082e+02 9.999497532844543457e-01
1.489834401490516029e+02 9.999670982360839844e-01
1.490038745920173824e+02 1.000035047531127930e+00
1.490243090347503312e+02 1.000004410743713379e+00
1.490447433772424120e+02 9.999017119407653809e-01
1.490651779196268762e+02 9.999766349792480469e-01
1.490856123617704725e+02 9.999348521232604980e-01
1.491060467036877526e+02 9.998419284820556641e-01
1.491264812454901403e+02 9.998653531074523926e-01
1.491469156869425206e+02 9.999973773956298828e-01
1.491673500283868634e+02 1.000142812728881836e+00
1.491877844694899977e+02 1.000166177749633789e+00
1.492082190104702022e+02 9.999804496765136719e-01
1.492286534512240905e+02 1.000003576278686523e+00
1.492490877918608021e+02 9.999597072601318359e-01
1.492695223322662059e+02 9.999161362648010254e-01
1.492899567724307417e+02 1.000053405761718750e+00
1.493308255521915271e+02 1.000008106231689453e+00
1.493512600918911630e+02 1.000010728836059570e+00
1.493716944312473061e+02 1.000007271766662598e+00
1.493921288704877952e+02 1.000066161155700684e+00
1.494125634094889392e+02 9.999689459800720215e-01
1.494329977483794210e+02 9.999071359634399414e-01
1.494534321870378335e+02 9.999158382415771484e-01
1.494738666254561394e+02 9.999169707298278809e-01
1.494943010636488907e+02 9.999692440032958984e-01
1.495147355017252266e+02 9.999169707298278809e-01
1.495351699395614560e+02 9.998564720153808594e-01
1.495556044771728921e+02 1.000003814697265625e+00
1.495760388146591140e+02 9.999035000801086426e-01
1.495964732519205427e+02 9.999138116836547852e-01
1.496169075889483793e+02 1.000038146972656250e+00
1.496373421258613234e+02 1.000107049942016602e+00
1.496577765625333996e+02 1.000047922134399414e+00
1.496782108989791595e+02 9.998376369476318359e-01
1.496986453353092656e+02 1.000065565109252930e+00
1.497190798714000266e+02 9.999886751174926758e-01
1.497395143072644714e+02 9.999932050704956055e-01
1.497599486430117395e+02 9.999017715454101562e-01
1.497803831785204238e+02 1.000003218650817871e+00
1.498008176138027920e+02 9.999769926071166992e-01
1.498212519488515682e+02 9.999601840972900391e-01
1.498416863837774144e+02 9.999051690101623535e-01
1.498621209184784675e+02 1.000025510787963867e+00
1.498825553529459285e+02 1.000088691711425781e+00
1.499029896872889367e+02 9.999790787696838379e-01
1.499234242214079131e+02 1.000029802322387695e+00
1.499438586552860215e+02 9.999850988388061523e-01
1.499642930890549906e+02 9.998455047607421875e-01
1.499847274225903675e+02 1.000088453292846680e+00
1.500051619558944367e+02 9.999751448631286621e-01
1.500255963890740531e+02 9.999586939811706543e-01
1.500460307219109382e+02 1.000028610229492188e+00
1.500664652546256548e+02 9.999582767486572266e-01
1.500868996872304706e+02 9.999097585678100586e-01
1.501073340194852790e+02 1.000092148780822754e+00
1.501277684516244335e+02 9.999397993087768555e-01
1.501482029836406582e+02 9.999945759773254395e-01
1.501686373153133900e+02 9.999430775642395020e-01
1.501890717468704679e+02 1.000033974647521973e+00
1.502095062781882007e+02 9.998892545700073242e-01
1.502299406093952712e+02 9.999818801879882812e-01
1.502503750402538572e+02 9.999480843544006348e-01
1.502708094711051672e+02 1.000025272369384766e+00
1.502912440016152686e+02 9.998705983161926270e-01
1.503116783320074319e+02 1.000005722045898438e+00
1.503321127620438347e+02 9.999300241470336914e-01
1.503525470920867519e+02 9.999377131462097168e-01
1.503729816217819462e+02 9.999793767929077148e-01
1.503934160513526876e+02 1.000035881996154785e+00
1.504138503806971130e+02 9.999575614929199219e-01
1.504342849098102306e+02 9.999514222145080566e-01
1.504547193387988955e+02 9.999215006828308105e-01
1.504751537675620057e+02 1.000005364418029785e+00
1.504955880960915238e+02 9.999551177024841309e-01
1.505160226243824582e+02 1.000061154365539551e+00
1.505364570525634917e+02 1.000008344650268555e+00
1.505568913805109332e+02 9.999390244483947754e-01
1.505773259082197910e+02 1.000011086463928223e+00
1.505977603358187480e+02 9.999383687973022461e-01
1.506181946631841129e+02 9.998620748519897461e-01
1.506386290903101326e+02 9.999293088912963867e-01
1.506590636172113591e+02 9.998632669448852539e-01
1.506794979439946474e+02 1.000110030174255371e+00
1.507203668968577404e+02 9.998313784599304199e-01
1.507408013230597135e+02 1.000076413154602051e+00
1.507612356489044032e+02 9.999499320983886719e-01
1.507816700746407150e+02 9.999312162399291992e-01
1.508021046002613730e+02 1.000294327735900879e+00
1.508225389255239861e+02 1.000024914741516113e+00
1.508429733506782213e+02 1.000092267990112305e+00
1.508634078756003873e+02 9.999709725379943848e-01
1.508838422003973392e+02 9.999528527259826660e-01
1.509042766248530825e+02 9.998357295989990234e-01
1.509247110491924104e+02 9.998713731765747070e-01
1.509451454734080471e+02 9.999128580093383789e-01
1.509655798972817138e+02 9.999263882637023926e-01
1.509860143210389651e+02 9.998686313629150391e-01
1.510064486445626244e+02 9.999870657920837402e-01
1.510268831678477000e+02 1.000030636787414551e+00
1.510473175910228747e+02 9.999956488609313965e-01
1.510677519138407661e+02 9.999342560768127441e-01
1.510881864365510410e+02 9.999070167541503906e-01
1.511086208591441391e+02 1.000032424926757812e+00
1.511290551813799539e+02 9.999860525131225586e-01
1.511494896035073907e+02 9.999475479125976562e-01
1.511699241254027584e+02 9.999427795410156250e-01
1.511903584470564965e+02 9.999302029609680176e-01
1.512107928686018568e+02 9.999098181724548340e-01
1.512312273899151478e+02 9.999395012855529785e-01
1.512516618109875708e+02 9.999144673347473145e-01
1.512720961318336776e+02 1.000066161155700684e+00
1.512925305525641306e+02 9.999178051948547363e-01
1.513129650730552385e+02 9.999052286148071289e-01
1.513333993933192687e+02 9.998717308044433594e-01
1.513538338133512298e+02 1.000117421150207520e+00
1.513742683332602610e+02 1.000042080879211426e+00
1.514151370723920991e+02 9.999694824218750000e-01
1.514355714916018769e+02 9.999449253082275391e-01
1.514560059107025154e+02 9.999698996543884277e-01
1.514764403295703232e+02 9.999766349792480469e-01
1.514968747481980245e+02 1.000066161155700684e+00
1.515173091666001710e+02 9.998894333839416504e-01
1.515377435847694869e+02 9.999076724052429199e-01
1.515581780028151115e+02 1.000059723854064941e+00
1.515786124206351815e+02 9.999153017997741699e-01
1.515990469383395975e+02 9.999622702598571777e-01
1.516399156729239621e+02 9.999080896377563477e-01
1.516807845066941809e+02 1.000019192695617676e+00
1.517012189233500976e+02 9.998973608016967773e-01
1.517216533396567684e+02 9.999559521675109863e-01
1.517420877559561632e+02 9.998855590820312500e-01
1.517625221719135880e+02 9.999043941497802734e-01
1.517829565876381821e+02 9.999986290931701660e-01
1.518033909032383235e+02 9.999010562896728516e-01
1.518238254186144331e+02 1.000003576278686523e+00
1.518442598337569507e+02 1.000078320503234863e+00
1.518646941486658761e+02 9.999392628669738770e-01
1.518851286634526332e+02 9.999418258666992188e-01
1.519055630780130741e+02 9.999201297760009766e-01
1.519259973923326470e+02 9.999276995658874512e-01
1.519464318064274266e+02 9.999746680259704590e-01
1.519668663204065524e+02 9.999631643295288086e-01
1.519873007340283948e+02 9.999135136604309082e-01
1.520077350475403364e+02 1.000029802322387695e+00
1.520281695609373855e+02 9.999359846115112305e-01
1.520486039739771513e+02 9.999669194221496582e-01
1.520690382869070163e+02 9.999450445175170898e-01
1.521099072120632627e+02 9.999725818634033203e-01
1.521303415242946357e+02 9.999423027038574219e-01
1.521507759362939396e+02 1.000091195106506348e+00
1.521712103481695522e+02 1.000032424926757812e+00
1.521916447598196100e+02 9.998492598533630371e-01
1.522120791712368373e+02 1.000022053718566895e+00
1.522325135825376492e+02 1.000012040138244629e+00
1.522529480934827006e+02 9.999867677688598633e-01
1.522733824043170898e+02 9.999931454658508301e-01
1.523142511253972771e+02 1.000001907348632812e+00
1.523551200455549406e+02 9.999607205390930176e-01
1.523755543553343159e+02 1.000055909156799316e+00
1.523959888648896595e+02 1.000059723854064941e+00
1.524164232742041349e+02 9.999791979789733887e-01
1.524368576834094711e+02 1.000159144401550293e+00
1.524572919923812151e+02 9.999315738677978516e-01
1.524981609096212196e+02 9.998645186424255371e-01
1.525185952178944717e+02 1.000014543533325195e+00
1.525390297260455554e+02 9.998669624328613281e-01
1.525594641339703230e+02 1.000072956085205078e+00
1.525798984416614985e+02 1.000089645385742188e+00
1.526003328491206048e+02 9.999168515205383301e-01
1.526207673563403660e+02 1.000062823295593262e+00
1.526412016634494648e+02 9.999156594276428223e-01
1.526820704769634176e+02 9.999141693115234375e-01
1.527025048833747860e+02 1.000102519989013672e+00
1.528659801273097401e+02 9.999637603759765625e-01
1.528864144318577019e+02 9.999704360961914062e-01
1.529068489362834953e+02 9.999275207519531250e-01
1.531316273701158934e+02 9.998548626899719238e-01
1.531520616718698875e+02 1.000076293945312500e+00
1.531724960735009518e+02 9.999933242797851562e-01
1.531929304749064613e+02 1.000112652778625488e+00
1.532133649760799017e+02 9.999924302101135254e-01
1.532337993770124740e+02 1.000099420547485352e+00
1.532746681783028180e+02 9.998924732208251953e-01
1.533155368787847692e+02 1.000033020973205566e+00
1.533359712786768796e+02 9.999329447746276855e-01
1.533564056783288834e+02 9.999377727508544922e-01
1.533768400778717478e+02 1.000029087066650391e+00
1.533972744770653662e+02 9.999319314956665039e-01
1.534177089761360548e+02 9.998745322227478027e-01
1.534585776735912077e+02 9.999458193778991699e-01
1.534790120720790583e+02 9.999635219573974609e-01
1.534994465702257003e+02 9.999233484268188477e-01
1.535403152660437627e+02 9.999464154243469238e-01
1.535607497636083281e+02 9.999302029609680176e-01
1.535811840609385399e+02 9.999912977218627930e-01
1.536016184581458219e+02 1.000036001205444336e+00
1.536220528550111339e+02 9.998669624328613281e-01
1.536424872517600306e+02 1.000031471252441406e+00
1.536629216482688207e+02 1.000061392784118652e+00
1.536833560445520561e+02 1.000026464462280273e+00
1.537037903406016994e+02 9.998504519462585449e-01
1.537242248364127590e+02 9.999926090240478516e-01
1.537650935275814845e+02 1.000001549720764160e+00
1.537855280228104675e+02 9.998703002929687500e-01
1.538263967125822091e+02 9.999237060546875000e-01
1.538468311071119388e+02 9.999747276306152344e-01
1.538672656015332905e+02 9.999436736106872559e-01
1.539081342895515263e+02 9.999813437461853027e-01
1.539285687832743861e+02 1.000042080879211426e+00
1.539490031767636538e+02 9.999212026596069336e-01
1.539694374701284687e+02 9.999026656150817871e-01
1.539898718631520751e+02 9.999774098396301270e-01
1.540103063560600276e+02 9.999760985374450684e-01
1.540307406486099353e+02 9.999252557754516602e-01
1.540511750410514651e+02 9.998539686203002930e-01
1.540716095333773410e+02 9.998257160186767578e-01
1.540920438253451721e+02 1.000015974044799805e+00
1.541124782170882099e+02 9.999215602874755859e-01
1.541329126087148325e+02 1.000092148780822754e+00
1.541533469999849331e+02 9.998995661735534668e-01
1.541737813911458943e+02 9.999545216560363770e-01
1.541942157820740249e+02 1.000024318695068359e+00
1.542146501727620489e+02 9.999538064002990723e-01
1.542350845633409335e+02 1.000030755996704102e+00
1.542555189535705722e+02 9.999839663505554199e-01
1.542759532436757581e+02 9.999528527259826660e-01
1.542963877334404970e+02 9.999619126319885254e-01
1.543168221230880590e+02 9.999886155128479004e-01
1.543372564124947530e+02 9.999393224716186523e-01
1.543576908016766538e+02 9.999309778213500977e-01
1.543781252907429007e+02 9.998989105224609375e-01
1.543985595794511028e+02 1.000050425529479980e+00
1.544189939680509269e+02 1.000048875808715820e+00
1.544394284563022666e+02 9.998877644538879395e-01
1.544598628444291535e+02 9.999212622642517090e-01
1.545007315199982258e+02 9.995610713958740234e-01
1.545211660075437976e+02 9.993634819984436035e-01
1.545416002947458765e+02 9.992334246635437012e-01
1.545620346817158861e+02 9.991877079010009766e-01
1.545824691685629659e+02 9.991649985313415527e-01
1.546029034551829682e+02 9.993280768394470215e-01
1.546233378415709012e+02 9.995114207267761230e-01
1.546437722277187277e+02 9.999591112136840820e-01
1.546642066136409994e+02 9.999938607215881348e-01
1.547050753848961904e+02 9.999631643295288086e-01
1.547255098702371470e+02 1.000020503997802734e+00
1.547459441552273347e+02 1.000285863876342773e+00
1.547663785400945926e+02 9.999988079071044922e-01
1.547868129247362958e+02 1.000005364418029785e+00
1.548072473091451684e+02 9.999709725379943848e-01
1.548276816934303497e+02 9.999953508377075195e-01
1.548481159773727995e+02 1.000130057334899902e+00
1.548685504610839416e+02 9.998967647552490234e-01
1.548889848445542157e+02 9.999541640281677246e-01
1.549094192280317657e+02 1.000057816505432129e+00
1.549298536110436544e+02 9.999811649322509766e-01
1.549502879940482671e+02 9.999252557754516602e-01
1.549707223765944946e+02 1.000017166137695312e+00
1.549911567591407220e+02 1.000060319900512695e+00
1.550115910412132507e+02 1.000001668930053711e+00
1.550320255232945783e+02 1.000003576278686523e+00
1.550524599051423138e+02 1.000028729438781738e+00
1.550728941867564572e+02 1.000089645385742188e+00
1.550933286681320169e+02 1.000070810317993164e+00
1.551137630492812605e+02 1.000072360038757324e+00
1.551341973301896360e+02 9.999685883522033691e-01
1.551546317108732183e+02 1.000064134597778320e+00
1.551750661913247313e+02 1.000022411346435547e+00
1.551955005715353764e+02 9.999311566352844238e-01
1.552159348515197053e+02 9.999076724052429199e-01
1.552363692315047956e+02 9.999575614929199219e-01
1.552568037110177102e+02 1.000057101249694824e+00
1.552976723695901455e+02 1.000061392784118652e+00
1.553181068484045682e+02 9.998494386672973633e-01
1.553385411272247438e+02 9.999550580978393555e-01
1.553589755058128503e+02 9.999331831932067871e-01
1.553794098839280196e+02 9.999647140502929688e-01
1.553998442620504647e+02 9.999162554740905762e-01
1.554202786399400793e+02 9.999516010284423828e-01
1.554407130175968632e+02 9.999035000801086426e-01
1.554611474947814713e+02 1.000116467475891113e+00
1.554815817719718325e+02 9.999489784240722656e-01
1.555020161489228485e+02 1.000008344650268555e+00
1.555224504256475484e+02 9.999920129776000977e-01
1.555428849023737712e+02 1.000095605850219727e+00
1.556041880304474034e+02 1.000069499015808105e+00
1.556246224060014356e+02 9.999663829803466797e-01
1.556450567815627437e+02 9.999486804008483887e-01
1.556654910566576291e+02 9.999783635139465332e-01
1.556859255317540374e+02 1.000037431716918945e+00
1.557063599063767469e+02 9.999942779541015625e-01
1.557472285551702953e+02 1.000022888183593750e+00
1.557676630293281050e+02 9.999803304672241211e-01
1.557880973030260066e+02 9.999994039535522461e-01
1.558085316767246695e+02 9.999775290489196777e-01
1.558289661501839873e+02 9.999689459800720215e-01
1.558494004234162276e+02 1.000093460083007812e+00
1.558698347964163986e+02 1.000063419342041016e+00
1.558902691689436324e+02 9.999538064002990723e-01
1.559311379137798212e+02 9.999865293502807617e-01
1.559720067576781730e+02 1.000047445297241211e+00
1.559924410295061534e+02 1.000156521797180176e+00
1.560128754008765100e+02 1.000028371810913086e+00
1.560333096720132744e+02 1.000056266784667969e+00
1.560537441429187311e+02 1.000108599662780762e+00
1.560741785135833197e+02 1.000064253807067871e+00
1.560946128842551843e+02 1.000165104866027832e+00
1.561150472544541117e+02 1.000159859657287598e+00
1.561354816246603150e+02 1.000058174133300781e+00
1.561559159944008570e+02 9.999402761459350586e-01
1.561763502639078069e+02 1.000065922737121582e+00
1.561967847334090038e+02 1.000139713287353516e+00
1.562172191026838846e+02 1.000107407569885254e+00
1.562376533714923426e+02 1.000060081481933594e+00
1.562580877402942860e+02 1.000068545341491699e+00
1.562785222086386057e+02 1.000092267990112305e+00
1.562989564769814024e+02 1.000010728836059570e+00
1.563193908450848539e+02 1.000116348266601562e+00
1.563398253129635123e+02 1.000025510787963867e+00
1.563806939477799460e+02 1.000116229057312012e+00
1.564011283149593510e+02 1.000004172325134277e+00
1.564419970486123930e+02 1.000033020973205566e+00
1.564624314150933060e+02 9.999966025352478027e-01
1.564828658813348738e+02 1.000079512596130371e+00
1.565033001473493641e+02 1.000182271003723145e+00
1.565237345131317852e+02 1.000143408775329590e+00
1.565441688786813756e+02 1.000156760215759277e+00
1.565646032442236901e+02 1.000230908393859863e+00
1.565850376093076193e+02 1.000075459480285645e+00
1.566054719741587178e+02 1.000171065330505371e+00
1.566259063387697097e+02 1.000187993049621582e+00
1.566463407033879776e+02 1.000133514404296875e+00
1.566667750675405841e+02 1.000028610229492188e+00
1.566872094314530841e+02 1.000136256217956543e+00
1.567076437953728600e+02 1.000126838684082031e+00
1.567280781588269747e+02 1.000114917755126953e+00
1.567485125222738134e+02 1.000090956687927246e+00
1.567689467852615053e+02 1.000217795372009277e+00
1.567893812482507201e+02 1.000169515609741211e+00
1.568098156107662362e+02 1.000170826911926270e+00
1.568302499732890283e+02 1.000128507614135742e+00
1.568506843353461591e+02 1.000148653984069824e+00
1.568711186973960139e+02 1.000157594680786133e+00
1.569119873205781914e+02 1.000121951103210449e+00
1.569324217819303158e+02 1.000174522399902344e+00
1.569528561430561240e+02 1.000084519386291504e+00
1.569732904037155095e+02 1.000197887420654297e+00
1.569937248643691419e+02 1.000111937522888184e+00
1.570141592247964581e+02 1.000151276588439941e+00
1.570345934849901823e+02 1.000063776969909668e+00
1.570550278449445614e+02 1.000237584114074707e+00
1.570754623046741472e+02 1.000143885612487793e+00
1.570958965639365488e+02 1.000277161598205566e+00
1.571163309231924359e+02 1.000184059143066406e+00
1.571367653822235297e+02 1.000104308128356934e+00
1.571571997410210315e+02 1.000133514404296875e+00
1.571980683579095057e+02 1.000257968902587891e+00
1.572185028160092770e+02 1.000230669975280762e+00
1.572389370738674188e+02 1.000100374221801758e+00
1.572593714315007674e+02 1.000045418739318848e+00
1.572798057889012853e+02 1.000180363655090332e+00
1.573002401462945272e+02 1.000097870826721191e+00
1.573206745032293838e+02 1.000191688537597656e+00
1.573411088599314098e+02 1.000232458114624023e+00
1.573615432163933292e+02 1.000091791152954102e+00
1.573819775726296939e+02 1.000205755233764648e+00
1.574024119288660586e+02 1.000164747238159180e+00
1.574228461846360005e+02 1.000069975852966309e+00
1.574432806401673588e+02 1.000200986862182617e+00
1.574637149954724009e+02 1.000281453132629395e+00
1.574841492507694056e+02 9.999454021453857422e-01
1.575045837056095479e+02 1.000199079513549805e+00
1.575250180602160981e+02 1.000195741653442383e+00
1.575454523148146109e+02 1.000094413757324219e+00
1.575658866689554998e+02 1.000180959701538086e+00
1.575863211228643195e+02 1.000085234642028809e+00
1.576067553767643403e+02 1.000214695930480957e+00
1.576476241834170651e+02 1.000147223472595215e+00
1.576680585366193554e+02 1.000273466110229492e+00
1.576884927893624990e+02 1.000055193901062012e+00
1.577089271421064041e+02 1.000255346298217773e+00
1.577293615943781333e+02 1.000053763389587402e+00
1.577497958466556156e+02 1.000182747840881348e+00
1.577702301984681981e+02 9.999259114265441895e-01
1.577906646502742660e+02 1.000078558921813965e+00
1.578110989016204257e+02 1.000144720077514648e+00
1.578315332529673469e+02 1.000158429145812988e+00
1.578519676038413309e+02 1.000318884849548340e+00
1.578724019547225907e+02 1.000111103057861328e+00
1.578928363051381893e+02 1.000126957893371582e+00
1.579132706555465120e+02 1.000114798545837402e+00
1.579541393554463866e+02 1.000177621841430664e+00
1.579745737051562173e+02 1.000081419944763184e+00
1.579950079544069013e+02 1.000244021415710449e+00
1.580154424036591081e+02 1.000077962875366211e+00
1.580358767526704469e+02 1.000222444534301758e+00
1.580563110012226389e+02 1.000189185142517090e+00
1.580767453497755923e+02 1.000132799148559570e+00
1.580971797978563700e+02 1.000022649765014648e+00
1.581176141459436622e+02 1.000135540962219238e+00
1.581584828411796479e+02 1.000052809715270996e+00
1.581993514357236563e+02 1.000226378440856934e+00
1.582197857824066887e+02 1.000154852867126465e+00
1.582402202290977584e+02 1.000120520591735840e+00
1.582810888217791216e+02 1.000111341476440430e+00
1.583015232675315929e+02 1.000195741653442383e+00
1.583219576132905786e+02 1.000175237655639648e+00
1.583423918588086963e+02 1.000038743019104004e+00
1.583628262038691901e+02 1.000106930732727051e+00
1.583832606489304453e+02 1.000135302543640137e+00
1.584036949937508325e+02 1.000113010406494141e+00
1.584445635824740748e+02 1.000156044960021973e+00
1.584649980265967315e+02 1.000018477439880371e+00
1.584854322704923106e+02 1.000052809715270996e+00
1.585058666139229899e+02 1.000150680541992188e+00
1.585263010573471547e+02 1.000030636787414551e+00
1.585467353005442419e+02 1.000128865242004395e+00
1.585671696432764293e+02 1.000068068504333496e+00
1.585876039860013407e+02 9.999910593032836914e-01
1.586080383285006974e+02 1.000044703483581543e+00
1.586284726705343928e+02 1.000137925148010254e+00
1.586489070125680882e+02 1.000045061111450195e+00
1.586693414543624385e+02 1.000064373016357422e+00
1.586897756959297112e+02 9.999571442604064941e-01
1.587102100370248081e+02 1.000012636184692383e+00
1.587306442781264195e+02 1.000200152397155762e+00
1.587510787189967232e+02 1.000066399574279785e+00
1.587715130594006041e+02 1.000178456306457520e+00
1.587919473997972091e+02 9.999116063117980957e-01
1.588123817399682594e+02 1.000102162361145020e+00
1.588328160796663724e+02 1.000023245811462402e+00
1.588532504193717614e+02 1.000030994415283203e+00
1.588736846588435583e+02 1.000016450881958008e+00
1.588941190978512168e+02 9.999888539314270020e-01
1.589145534368508379e+02 1.000024199485778809e+00
1.589349876756241429e+02 9.997832775115966797e-01
1.589554221139260335e+02 1.000117182731628418e+00
1.589758564522344386e+02 9.998974800109863281e-01
1.589962906900764210e+02 1.000001549720764160e+00
1.590167250279191649e+02 1.000007152557373047e+00
1.590371594655225636e+02 1.000041365623474121e+00
1.590575937026660540e+02 9.999712109565734863e-01
1.590780280398103059e+02 1.000085830688476562e+00
1.591188968131609727e+02 1.000017404556274414e+00
1.591393310493731406e+02 1.000091552734375000e+00
1.591597653855787939e+02 1.000079631805419922e+00
1.591801998215596541e+02 9.999622106552124023e-01
1.592006340570660541e+02 9.999186992645263672e-01
1.592415026276285062e+02 1.000071287155151367e+00
1.592619370624452131e+02 9.999423623085021973e-01
1.592823713972538826e+02 9.999625086784362793e-01
1.593028057316041668e+02 1.000045061111450195e+00
1.593436743998317979e+02 9.999804496765136719e-01
1.593641087337164208e+02 1.000032663345336914e+00
1.593845429671346210e+02 1.000042080879211426e+00
1.594049774003142375e+02 1.000155210494995117e+00
1.594254117335003684e+02 1.000048756599426270e+00
1.594458459662200767e+02 1.000063061714172363e+00
1.594662803989340318e+02 1.000015854835510254e+00
1.594867147311888402e+02 1.000106573104858398e+00
1.595071489632100565e+02 1.000042915344238281e+00
1.595275832949919277e+02 9.999845623970031738e-01
1.595480177267818362e+02 1.000023365020751953e+00
1.595684519581045606e+02 9.998999238014221191e-01
1.595888862891879398e+02 1.000063538551330566e+00
1.596093206200457644e+02 9.999525547027587891e-01
1.596297550509043504e+02 1.000070571899414062e+00
1.596501892812884762e+02 1.000100016593933105e+00
1.596706236114478088e+02 9.999327063560485840e-01
1.596910580413677962e+02 1.000002264976501465e+00
1.597114922710607061e+02 9.999470710754394531e-01
1.597319266005215468e+02 9.999154806137084961e-01
1.597523609297495568e+02 9.999426007270812988e-01
1.597727952587374602e+02 1.000217318534851074e+00
1.597932295874998090e+02 1.000032305717468262e+00
1.598136639160293271e+02 1.000120401382446289e+00
1.598340982443187386e+02 1.000004410743713379e+00
1.598545325723825954e+02 9.998258948326110840e-01
1.598749669002136216e+02 1.000006556510925293e+00
1.598954011278037797e+02 1.000077605247497559e+00
1.599158355551699060e+02 1.000156283378601074e+00
1.599362698823024402e+02 9.999993443489074707e-01
1.599567042091948679e+02 1.000088572502136230e+00
1.599771385358617408e+02 9.999920725822448730e-01
1.600180071882568882e+02 1.000210285186767578e+00
1.600384415142252692e+02 1.000103354454040527e+00
1.600793101654562633e+02 1.000018239021301270e+00
1.600997444904933218e+02 1.000011801719665527e+00
1.601201787155296188e+02 1.000112056732177734e+00
1.601406131400945014e+02 1.000022649765014648e+00
1.601610474646658986e+02 9.999936223030090332e-01
1.601814816890037037e+02 1.000086903572082520e+00
1.602223504367429996e+02 1.000049352645874023e+00
1.602427846601494821e+02 9.999552965164184570e-01
1.602632189835494501e+02 1.000033617019653320e+00
1.602836534064917942e+02 9.999547004699707031e-01
1.603040876291997847e+02 9.999920129776000977e-01
1.603245219519012608e+02 9.999840855598449707e-01
1.603449563741451129e+02 1.000039219856262207e+00
1.603653906963882037e+02 9.998369216918945312e-01
1.603858249181575957e+02 1.000028610229492188e+00
1.604062592397021945e+02 1.000026583671569824e+00
1.604266936610147241e+02 1.000021100044250488e+00
1.604471278820856242e+02 1.000141024589538574e+00
1.604675622031645617e+02 1.000055074691772461e+00
1.604879966237785993e+02 1.000115752220153809e+00
1.605288651642986224e+02 1.000051736831665039e+00
1.605492994842134067e+02 1.000078320503234863e+00
1.605697338038880844e+02 1.000023603439331055e+00
1.605901681233372074e+02 1.000106811523437500e+00
1.606106024425534997e+02 1.000046849250793457e+00
1.606514710800474859e+02 9.999629259109497070e-01
1.606719053985652863e+02 1.000040411949157715e+00
1.606923396168422187e+02 1.000057697296142578e+00
1.607127740348951193e+02 9.999573826789855957e-01
1.607332083527144277e+02 1.000091314315795898e+00
1.607536425700600375e+02 1.000007152557373047e+00
1.607740768874136847e+02 9.999756813049316406e-01
1.608149456211831421e+02 9.999458789825439453e-01
1.608353798376047052e+02 9.999117255210876465e-01
1.608558142540277913e+02 1.000048756599426270e+00
1.608762485699771787e+02 1.000136971473693848e+00
1.609171171014240826e+02 9.999947547912597656e-01
1.609375515166757395e+02 1.000014662742614746e+00
1.609579857319331495e+02 9.999850988388061523e-01
1.609784200467256596e+02 9.999744296073913574e-01
1.609988544612788246e+02 1.000038504600524902e+00
1.610192886756049120e+02 1.000042676925659180e+00
1.610397229896989302e+02 1.000046253204345703e+00
1.610601573037856724e+02 9.999774694442749023e-01
1.610805916174140293e+02 9.999986290931701660e-01
1.611010259308095556e+02 1.000072479248046875e+00
1.611214602439649752e+02 9.999473094940185547e-01
1.611418946566627710e+02 9.998524785041809082e-01
1.611623288693590439e+02 9.999684095382690430e-01
1.611827631818159716e+02 9.998853206634521484e-01
1.612031973940465832e+02 9.999724030494689941e-01
1.612236318060458871e+02 9.998908638954162598e-01
1.612645004291043733e+02 1.000063061714172363e+00
1.612849346404036623e+02 1.000077605247497559e+00
1.613053690512315370e+02 9.999427199363708496e-01
1.613258033620659262e+02 9.999380707740783691e-01
1.613462375724338926e+02 9.999002218246459961e-01
1.613666719827961060e+02 1.000027298927307129e+00
1.613871062926991726e+02 9.998933076858520508e-01
1.614075405023686471e+02 1.000003457069396973e+00
1.614279748120316071e+02 1.000005006790161133e+00
1.614484092212369433e+02 9.999808669090270996e-01
1.614688434302079258e+02 9.999142885208129883e-01
1.614892777389468392e+02 9.998884201049804688e-01
1.615097121474464075e+02 9.999760985374450684e-01
1.615301463557188981e+02 9.998434782028198242e-01
1.615505806637520436e+02 9.999899268150329590e-01
1.615710149715596344e+02 9.999759197235107422e-01
1.615914493791351561e+02 9.999248981475830078e-01
1.616118835864763241e+02 1.000033974647521973e+00
1.619388323699095054e+02 9.999312162399291992e-01
1.619592667730612447e+02 9.999262094497680664e-01
1.619797010759793920e+02 9.998847246170043945e-01
1.620001353786574327e+02 9.997986555099487305e-01
1.620205696808770881e+02 9.998496174812316895e-01
1.620410039830894675e+02 9.998709559440612793e-01
1.620614382850762922e+02 1.000055909156799316e+00
1.620818724865966942e+02 1.000039577484130859e+00
1.621023068881186191e+02 9.997919201850891113e-01
1.621227411891668453e+02 9.999949932098388672e-01
1.621431753902215860e+02 9.998775720596313477e-01
1.621636097908049123e+02 9.999608993530273438e-01
1.621840440911619226e+02 9.998174905776977539e-01
1.622044782915181713e+02 9.998528361320495605e-01
1.622249125914095202e+02 9.999162554740905762e-01
1.622453469910615240e+02 9.999151229858398438e-01
1.622657811904864502e+02 9.999895691871643066e-01
1.622862154896793072e+02 1.000008225440979004e+00
1.623066498886328191e+02 1.000054955482482910e+00
1.623270841873600148e+02 9.997993111610412598e-01
1.623475183858536184e+02 9.996578693389892578e-01
1.623679526838750462e+02 9.999222755432128906e-01
1.624088212796923472e+02 9.998598694801330566e-01
1.624292555770225590e+02 9.998443126678466797e-01
1.624496897743520094e+02 9.999648928642272949e-01
1.624701241712173214e+02 9.998242855072021484e-01
1.624905584678417654e+02 9.999039173126220703e-01
1.625314265606357367e+02 9.997925758361816406e-01
1.625518607565682032e+02 9.997789859771728516e-01
1.625722950522613246e+02 9.998682737350463867e-01
1.625927293477288913e+02 9.999904632568359375e-01
1.626131637429643888e+02 9.998257160186767578e-01
1.642479061501289834e+02 1.000114798545837402e+00
1.642683404251074535e+02 9.999673962593078613e-01
1.642887746996202623e+02 1.000015377998352051e+00
1.643092089741257951e+02 1.000047683715820312e+00
1.643296432481729425e+02 9.999703168869018555e-01
1.643500776219880208e+02 1.000058412551879883e+00
1.643705118955622311e+02 1.000118017196655273e+00
1.643909460689101252e+02 1.000045657157897949e+00
1.644113803420259501e+02 1.000153422355651855e+00
1.644318146149016684e+02 1.000047922134399414e+00
1.644522488875518320e+02 1.000138401985168457e+00
1.644726831597363343e+02 1.000005602836608887e+00
1.644931175319143222e+02 1.000016927719116211e+00
1.645135517036324018e+02 9.999870657920837402e-01
1.645339859751184122e+02 1.000031709671020508e+00
1.645544202465971466e+02 1.000230431556701660e+00
1.645748545176174957e+02 1.000000238418579102e+00
1.645952887884050142e+02 1.000149846076965332e+00
1.646157230589524261e+02 1.000095605850219727e+00
1.646361572292735218e+02 1.000048875808715820e+00
1.646565915991304792e+02 1.000040769577026367e+00
1.646770258689793991e+02 1.000141859054565430e+00
1.646974601386027643e+02 1.000077843666076660e+00
1.647178944077604683e+02 1.000155329704284668e+00
1.647383286769108963e+02 1.000220894813537598e+00
1.647791971140613896e+02 9.999808073043823242e-01
1.647996314822812565e+02 1.000083923339843750e+00
1.648200657502748072e+02 1.000180244445800781e+00
1.648404999180347659e+02 1.000074863433837891e+00
1.648609342855561408e+02 1.000124573707580566e+00
1.648813685526183690e+02 1.000255942344665527e+00
1.649018027196798357e+02 1.000268340110778809e+00
1.649222369862691266e+02 1.000209450721740723e+00
1.649426713528664550e+02 1.000227212905883789e+00
1.649631055189965991e+02 1.000145554542541504e+00
1.649835397848946741e+02 1.000296711921691895e+00
