1.205589905204906245e+02 1.000007510185241699e+00
1.205794250370308873e+02 1.000019550323486328e+00
1.205998597535362933e+02 9.999210238456726074e-01
1.206202943699900061e+02 9.999538660049438477e-01
1.206407288863847498e+02 1.000021457672119141e+00
1.206611635027147713e+02 1.000038504600524902e+00
1.206815982190237264e+02 9.998868703842163086e-01
1.207020327352438471e+02 9.999622702598571777e-01
1.207224673514283495e+02 9.999797940254211426e-01
1.207429020675917855e+02 1.000038862228393555e+00
1.207837711997053702e+02 1.000001549720764160e+00
1.208246404316232656e+02 9.999968409538269043e-01
1.208450750474876259e+02 1.000171780586242676e+00
1.208655096633301582e+02 1.000039935111999512e+00
1.208859443791152444e+02 1.000055432319641113e+00
1.209268135105012334e+02 1.000014901161193848e+00
1.209472482261044206e+02 1.000081539154052734e+00
1.209676827416842571e+02 1.000042438507080078e+00
1.209881173571775435e+02 1.000025510787963867e+00
1.210085518726409646e+02 9.999606609344482422e-01
1.210289865880404250e+02 9.998933672904968262e-01
1.210494212034172961e+02 1.000036478042602539e+00
1.210698558187068556e+02 1.000077128410339355e+00
1.210902904339600354e+02 9.999054074287414551e-01
1.211107250491331797e+02 9.998571872711181641e-01
1.211311596642772201e+02 9.999823570251464844e-01
1.211515941793550155e+02 9.999908208847045898e-01
1.211720288944125059e+02 1.000000476837158203e+00
1.211924635093819234e+02 1.000032424926757812e+00
1.212128980242850957e+02 1.000023365020751953e+00
1.212333327391679632e+02 1.000003576278686523e+00
1.212537673539918615e+02 9.999436140060424805e-01
1.212742018687495147e+02 9.998614788055419922e-01
1.212946364834569977e+02 1.000189781188964844e+00
1.213150711981070344e+02 1.000033736228942871e+00
1.213355058126908261e+02 9.998825788497924805e-01
1.213559403272229247e+02 1.000008583068847656e+00
1.213763750417274423e+02 9.999881386756896973e-01
1.213968096561657148e+02 9.999076128005981445e-01
1.214172441705231904e+02 1.000053405761718750e+00
1.214376787848523236e+02 1.000066518783569336e+00
1.214581134991167346e+02 9.999282360076904297e-01
1.214785480133286910e+02 1.000027060508728027e+00
1.214989826274832012e+02 9.998938441276550293e-01
1.215194172415722278e+02 1.000023007392883301e+00
1.215398519556401880e+02 1.000024676322937012e+00
1.215602865696200752e+02 1.000041007995605469e+00
1.215807210835337173e+02 9.999108314514160156e-01
1.216011557973979507e+02 9.999575614929199219e-01
1.216215904112323187e+02 9.999844431877136230e-01
1.216420249250004417e+02 9.999870061874389648e-01
1.216624595386892906e+02 1.000026941299438477e+00
1.216828942523497972e+02 1.000130891799926758e+00
1.217033287659432972e+02 9.999656081199645996e-01
1.217237633794575231e+02 1.000039577484130859e+00
1.217441980929434067e+02 1.000031113624572754e+00
1.217646326063622837e+02 9.999724030494689941e-01
1.217850672197309905e+02 9.999374747276306152e-01
1.218055018330414896e+02 1.000035405158996582e+00
1.218259364462865051e+02 1.000022172927856445e+00
1.218463710594805889e+02 1.000058770179748535e+00
1.218668056725873612e+02 1.000064015388488770e+00
1.218872402856868575e+02 9.999712109565734863e-01
1.219076748986772145e+02 1.000050306320190430e+00
1.219281095116675715e+02 1.000012397766113281e+00
1.219485440245334757e+02 1.000008583068847656e+00
1.219689787374081789e+02 1.000043988227844238e+00
1.219894133501657052e+02 1.000017523765563965e+00
1.220098478629224701e+02 9.999963641166687012e-01
1.220302825755570666e+02 1.000126600265502930e+00
1.220507171881981776e+02 9.999285340309143066e-01
1.220711518007155973e+02 1.000074863433837891e+00
1.220915863132104278e+02 1.000049233436584473e+00
1.221120210256485734e+02 9.999920129776000977e-01
1.221324556380204740e+02 9.999431371688842773e-01
1.221528901503406814e+02 1.000008106231689453e+00
1.221733248625751003e+02 9.999181032180786133e-01
1.221937594747723779e+02 1.000064253807067871e+00
1.222141939869179623e+02 9.998677372932434082e-01
1.222346285989769967e+02 9.999155402183532715e-01
1.222550633110295166e+02 9.999782443046569824e-01
1.222754978229713743e+02 1.000029087066650391e+00
1.222959324348557857e+02 9.998016357421875000e-01
1.223163671466754749e+02 1.000055313110351562e+00
1.223572362701524980e+02 9.999763369560241699e-01
1.223776708818550105e+02 9.998961687088012695e-01
1.223981055934491451e+02 9.999890327453613281e-01
1.224185401049253414e+02 1.000010967254638672e+00
1.224389747164532309e+02 1.000015258789062500e+00
1.224594094278727425e+02 1.000000715255737305e+00
1.224798439391743159e+02 1.000065684318542480e+00
1.225002785504693747e+02 9.999735951423645020e-01
1.225207130617127405e+02 1.000027179718017578e+00
1.225411477728412137e+02 1.000056862831115723e+00
1.225615823839616496e+02 9.999547004699707031e-01
1.225820169950311538e+02 9.999569654464721680e-01
1.226024516059842426e+02 9.999223947525024414e-01
1.226228862169300555e+02 9.999767541885375977e-01
1.226433208277667291e+02 9.999263286590576172e-01
1.226637553385444335e+02 9.998424053192138672e-01
1.226841900492581772e+02 9.999009966850280762e-01
1.227046246599784354e+02 1.000140428543090820e+00
1.227250591705815168e+02 1.000119090080261230e+00
1.227454938811206375e+02 9.999791979789733887e-01
1.227659284916080651e+02 1.000020980834960938e+00
1.227863630020365235e+02 1.000040173530578613e+00
1.228067976123420522e+02 9.999488592147827148e-01
1.228272323226556182e+02 9.999368786811828613e-01
1.228476669329102151e+02 1.000018477439880371e+00
1.228681015430411207e+02 9.997811317443847656e-01
1.228885361531793023e+02 1.000031948089599609e+00
1.229089707632010686e+02 9.999830126762390137e-01
1.229294053731573513e+02 1.000074028968811035e+00
1.229498398831201484e+02 1.000006556510925293e+00
1.229907092027497129e+02 1.000045537948608398e+00
1.230111437124796794e+02 9.999917149543762207e-01
1.230315784220947535e+02 9.999992251396179199e-01
1.230520130317017902e+02 9.998989105224609375e-01
1.230724476412578952e+02 1.000002622604370117e+00
1.230928821506968234e+02 9.999792575836181641e-01
1.231133168600717909e+02 9.999266266822814941e-01
1.231337514694532729e+02 9.999744296073913574e-01
1.231541859787175781e+02 9.999152421951293945e-01
1.231746206879179226e+02 1.000111222267150879e+00
1.232154898061562562e+02 1.000070452690124512e+00
1.232359244151302846e+02 1.000093936920166016e+00
1.232563591240977985e+02 1.000108480453491211e+00
1.233176629505469464e+02 9.999310374259948730e-01
1.233380974592291750e+02 9.999979138374328613e-01
1.233585320677957498e+02 9.999632239341735840e-01
1.233789666763550485e+02 1.000135421752929688e+00
1.233994013848641771e+02 1.000033736228942871e+00
1.234198358932480915e+02 9.999532103538513184e-01
1.234607052099163411e+02 1.000059723854064941e+00
1.234811397181329085e+02 9.999545216560363770e-01
1.235015743262847536e+02 1.000084996223449707e+00
1.235220088343849056e+02 9.999693036079406738e-01
1.235424435423628893e+02 1.000074744224548340e+00
1.235628781503473874e+02 1.000034809112548828e+00
1.235833127582154702e+02 9.999170899391174316e-01
1.236037473660253454e+02 1.000002622604370117e+00
1.236241819737697369e+02 1.000100970268249512e+00
1.236446165814631968e+02 9.999683499336242676e-01
1.236650510890976875e+02 1.000095963478088379e+00
1.236854857966100099e+02 1.000036597251892090e+00
1.237059204041288467e+02 9.999768137931823730e-01
1.237263549115305068e+02 1.000047445297241211e+00
1.237467896188682062e+02 1.000048279762268066e+00
1.237672242261542124e+02 1.000081419944763184e+00
1.237876587333812495e+02 9.999545216560363770e-01
1.238080933404853567e+02 9.999189972877502441e-01
1.238285280475392938e+02 9.999480843544006348e-01
1.238489625545917079e+02 9.999578595161437988e-01
1.238693971614629845e+02 9.999766945838928223e-01
1.238898318683422985e+02 9.999318718910217285e-01
1.239102664751553675e+02 1.000009894371032715e+00
1.239307009818585357e+02 9.999380111694335938e-01
1.239511355885042576e+02 1.000021219253540039e+00
1.239715702951434650e+02 1.000037789344787598e+00
1.239920048016138026e+02 1.000067472457885742e+00
1.240124394080849015e+02 1.000153422355651855e+00
1.240328741144912783e+02 9.999881386756896973e-01
1.240533086207869928e+02 9.999891519546508789e-01
1.240737432270252611e+02 9.998206496238708496e-01
1.240941778332053218e+02 1.000031590461730957e+00
1.241146124393198988e+02 9.998933076858520508e-01
1.241350470453253365e+02 9.999923706054687500e-01
1.241554816512652906e+02 9.999653697013854980e-01
1.241759163571550744e+02 9.999226927757263184e-01
1.241963508629851276e+02 1.000041484832763672e+00
1.242167854687577346e+02 9.999805092811584473e-01
1.242576546800046344e+02 9.999682903289794922e-01
1.242780892855371349e+02 9.999186992645263672e-01
1.242985238910187036e+02 9.999458193778991699e-01
1.243189585964428261e+02 9.999008178710937500e-01
1.243393931017490104e+02 9.998843669891357422e-01
1.243598277069904725e+02 9.999778270721435547e-01
1.243802623121810029e+02 9.999923706054687500e-01
1.244006969173060497e+02 9.999835491180419922e-01
1.244211315223219572e+02 1.000003337860107422e+00
1.244415661272796569e+02 9.999732375144958496e-01
1.244620008321726345e+02 9.999205470085144043e-01
1.244824353370131576e+02 9.999608397483825684e-01
1.245028699417380267e+02 9.998939037322998047e-01
1.245233044464039267e+02 9.999936819076538086e-01
1.245437391510058660e+02 9.999462366104125977e-01
1.245641737555561122e+02 9.999414086341857910e-01
1.245846082599891815e+02 1.000061154365539551e+00
1.246050429644164979e+02 9.998547434806823730e-01
1.246254775687339134e+02 9.999276399612426758e-01
1.246459121729276376e+02 1.000136733055114746e+00
1.246663466771278763e+02 9.998623132705688477e-01
1.246867813812132226e+02 1.000046730041503906e+00
1.247072159852395998e+02 9.998840689659118652e-01
1.247276504891997320e+02 9.999980926513671875e-01
1.247685197968385182e+02 1.000028491020202637e+00
1.247889543005730957e+02 1.000037789344787598e+00
1.248093889042502269e+02 9.999232888221740723e-01
1.248298236078117043e+02 9.999260306358337402e-01
1.248502581113061751e+02 9.999015927314758301e-01
1.248706927147504757e+02 1.000069618225097656e+00
1.248911273180783610e+02 9.999506473541259766e-01
1.249115620213997317e+02 9.999381899833679199e-01
1.249319965246104402e+02 1.000079154968261719e+00
1.249524311277637025e+02 1.000091075897216797e+00
1.249728658307940350e+02 1.000055909156799316e+00
1.249933003337719128e+02 1.000025868415832520e+00
1.250137349366923445e+02 1.000116229057312012e+00
1.250341694394883234e+02 1.000099778175354004e+00
1.250546041422931012e+02 9.999650120735168457e-01
1.250954733475446119e+02 9.999742507934570312e-01
1.251159079501157976e+02 1.000093102455139160e+00
1.251363425525705679e+02 9.999803304672241211e-01
1.251567771549598547e+02 1.000081658363342285e+00
1.251772116572392406e+02 9.999862313270568848e-01
1.251976463594619418e+02 1.000016331672668457e+00
1.252180809616183979e+02 1.000053405761718750e+00
1.252385154637231608e+02 1.000027537345886230e+00
1.252589501657130313e+02 1.000014662742614746e+00
1.252793847676366568e+02 1.000023126602172852e+00
1.253202538712648675e+02 9.999670386314392090e-01
1.253406885729564237e+02 9.999125599861145020e-01
1.253815576761189732e+02 9.999693632125854492e-01
1.254019923775776988e+02 9.998489022254943848e-01
1.254224269789847312e+02 1.000205397605895996e+00
1.254428614802745869e+02 9.998974800109863281e-01
1.254632960814997205e+02 1.000017762184143066e+00
1.255245998848404270e+02 9.999483823776245117e-01
1.255450345857243519e+02 9.999665021896362305e-01
1.255654690866067540e+02 9.999679923057556152e-01
1.255859036873662262e+02 1.000089645385742188e+00
1.256063382880747668e+02 1.000003814697265625e+00
1.256267728886668920e+02 9.999610781669616699e-01
1.256472075891942950e+02 9.998460412025451660e-01
1.256676420896110358e+02 9.999716877937316895e-01
1.256880767900292994e+02 1.000010848045349121e+00
1.257085113903231104e+02 9.999139308929443359e-01
1.257289458905070205e+02 1.000011801719665527e+00
1.257493804906916921e+02 1.000101208686828613e+00
1.257698151907534339e+02 9.999781847000122070e-01
1.257902496907045133e+02 9.998905658721923828e-01
1.258106842905981466e+02 9.999894499778747559e-01
1.258311189904270577e+02 1.000083923339843750e+00
1.258515534901453066e+02 9.999921321868896484e-01
1.258719880898643169e+02 9.998933076858520508e-01
1.258924226894014282e+02 9.999749064445495605e-01
1.259128572889458155e+02 9.999483823776245117e-01
1.259332918883737875e+02 1.000088572502136230e+00
1.259537264876780682e+02 9.999791979789733887e-01
1.259945956861265586e+02 9.999868869781494141e-01
1.260150302852562163e+02 9.999510049819946289e-01
1.260354647842759732e+02 1.000087857246398926e+00
1.260558994832390454e+02 9.998425841331481934e-01
1.260763340820776648e+02 9.999524950981140137e-01
1.260967685808645911e+02 9.999678134918212891e-01
1.261172032795366249e+02 1.000007152557373047e+00
1.261376378781424137e+02 9.999892711639404297e-01
1.261580724766972708e+02 9.999421834945678711e-01
1.261785069751931587e+02 9.999593496322631836e-01
1.261989416735668783e+02 9.999896287918090820e-01
1.262193762718306971e+02 9.999215006828308105e-01
1.262398107700355467e+02 1.000092625617980957e+00
1.262806800662074238e+02 1.000049114227294922e+00
1.263011145641794428e+02 1.000059962272644043e+00
1.263215491620867397e+02 1.000041127204895020e+00
1.263419838598856586e+02 1.000062346458435059e+00
1.263624183576248470e+02 1.000103354454040527e+00
1.263828529552411055e+02 9.998745322227478027e-01
1.264032876528071938e+02 1.000150203704833984e+00
1.264237222503143130e+02 1.000028848648071289e+00
1.264441567476387718e+02 1.000082969665527344e+00
1.264645913449712680e+02 1.000015616416931152e+00
1.264850260421881103e+02 1.000039339065551758e+00
1.265054605393379461e+02 1.000034451484680176e+00
1.265258951364376117e+02 1.000048398971557617e+00
1.265463296333618928e+02 1.000041246414184570e+00
1.265667643302804208e+02 9.999062418937683105e-01
1.265871989270890481e+02 1.000107884407043457e+00
1.266076335238394677e+02 1.000113725662231445e+00
1.266280681204661960e+02 1.000110983848571777e+00
1.266485027170419926e+02 9.995683431625366211e-01
1.266893718099017860e+02 9.993689656257629395e-01
1.267098065061800298e+02 9.993469715118408203e-01
1.267302411024065805e+02 9.993337988853454590e-01
1.267506755985668860e+02 9.994323253631591797e-01
1.267711102946195751e+02 9.997289776802062988e-01
1.267915448906132951e+02 1.000021696090698242e+00
1.268119793864898384e+02 1.000029921531677246e+00
1.268324139822434518e+02 9.999414086341857910e-01
1.268528486780051026e+02 1.000081658363342285e+00
1.268732831736415392e+02 9.999889731407165527e-01
1.268937177691695979e+02 9.999878406524658203e-01
1.269141524646402104e+02 1.000085353851318359e+00
1.269345870599863701e+02 1.000038743019104004e+00
1.269550215552808368e+02 1.000011444091796875e+00
1.269754561505178572e+02 1.000068426132202148e+00
1.269958908456319477e+02 1.000014185905456543e+00
1.270163254406361375e+02 1.000092744827270508e+00
1.270367599355813581e+02 1.000125050544738770e+00
1.270571946304626181e+02 1.000107884407043457e+00
1.270776292252339772e+02 1.000052571296691895e+00
1.270980637199463672e+02 9.999698400497436523e-01
1.271184983145358274e+02 9.999809265136718750e-01
1.271389330090751173e+02 1.000026464462280273e+00
1.271593676034972304e+02 1.000017404556274414e+00
1.271798020978530985e+02 9.999822378158569336e-01
1.272002367921013501e+02 1.000037312507629395e+00
1.272206713862324250e+02 1.000035762786865234e+00
1.272411058803554624e+02 9.999994635581970215e-01
1.272615404743701220e+02 1.000079274177551270e+00
1.272819751682691276e+02 1.000136017799377441e+00
1.273024096620429191e+02 1.000059485435485840e+00
1.273228442558247480e+02 1.000083565711975098e+00
1.273432789494909230e+02 1.000062346458435059e+00
1.273637134430318838e+02 1.000020146369934082e+00
1.273841480364644667e+02 1.000008463859558105e+00
1.274045826298970496e+02 1.000030755996704102e+00
1.274250172231477336e+02 1.000266075134277344e+00
1.274454518164056935e+02 1.000008940696716309e+00
1.274658864094890305e+02 1.000181674957275391e+00
1.274863211025658529e+02 1.000062704086303711e+00
1.275067555954738054e+02 1.000028014183044434e+00
1.275271901883243117e+02 1.000021457672119141e+00
1.275476246811158489e+02 1.000044703483581543e+00
1.275680593737852178e+02 1.000041127204895020e+00
1.275884939664028934e+02 9.999942779541015625e-01
1.276497977436083602e+02 1.000037074089050293e+00
1.276702323358695139e+02 9.999237656593322754e-01
1.277111015200571273e+02 9.999843239784240723e-01
1.277315361120272428e+02 1.000034451484680176e+00
1.277519706038874574e+02 9.999716877937316895e-01
1.277724051956902258e+02 9.999767541885375977e-01
1.277928398873700644e+02 9.998960494995117188e-01
1.278132743789974484e+02 9.999752044677734375e-01
1.278337089705091785e+02 9.999233484268188477e-01
1.278541436619561864e+02 1.000060796737670898e+00
1.278745781532925321e+02 1.000022053718566895e+00
1.278950127445132239e+02 1.000052213668823242e+00
1.279154473356757080e+02 9.999702572822570801e-01
1.279358819267145009e+02 1.000108361244201660e+00
1.279563165177023620e+02 9.999957084655761719e-01
1.279767511085665319e+02 9.999400377273559570e-01
1.280176202900765929e+02 9.999767541885375977e-01
1.280380548807152081e+02 1.000020503997802734e+00
1.280584893712293706e+02 9.999557733535766602e-01
1.280789240616359166e+02 9.999259710311889648e-01
1.280993586519762175e+02 9.999241828918457031e-01
1.281197932422073791e+02 9.999554157257080078e-01
1.281402278323803330e+02 9.999251961708068848e-01
1.281606624224368716e+02 9.999850392341613770e-01
1.281810970124279265e+02 1.000011324882507324e+00
1.282015315023090807e+02 9.999577403068542480e-01
1.282219661920680664e+02 9.999922513961791992e-01
1.282424007817753591e+02 1.000069141387939453e+00
1.282628352713654749e+02 9.999653100967407227e-01
1.282832699608989060e+02 9.998398423194885254e-01
1.283037045503078843e+02 1.000103235244750977e+00
1.283241390396069619e+02 9.998648762702941895e-01
1.283650083179672947e+02 1.000063300132751465e+00
1.283854429070343031e+02 1.000069260597229004e+00
1.284058774959848961e+02 1.000043153762817383e+00
1.284467466736459755e+02 1.000021457672119141e+00
1.284671812622982543e+02 1.000074744224548340e+00
1.284876157508406322e+02 1.000009536743164062e+00
1.285080504393845331e+02 1.000090599060058594e+00
1.285284850277530495e+02 1.000043869018554688e+00
1.285489195160553209e+02 9.999198317527770996e-01
1.285897887923783856e+02 1.000016570091247559e+00
1.286102232803386869e+02 9.999155998229980469e-01
1.286306578682997497e+02 9.999980330467224121e-01
1.286510925561451586e+02 9.998916387557983398e-01
1.286715271438661148e+02 1.000013232231140137e+00
1.287328309064614587e+02 9.999828934669494629e-01
1.287532653938396834e+02 1.000017404556274414e+00
1.287736999811022542e+02 1.000010967254638672e+00
1.288145691553290817e+02 9.999585747718811035e-01
1.288350037422933383e+02 1.000040531158447266e+00
1.288554383292066632e+02 1.000083565711975098e+00
1.288758729159453651e+02 9.999707341194152832e-01
1.288963075026258593e+02 9.999768137931823730e-01
1.289167420892408700e+02 9.999027848243713379e-01
1.289371766757467412e+02 9.999650716781616211e-01
1.289576112621289212e+02 9.999192357063293457e-01
1.289780458484601695e+02 1.000023484230041504e+00
1.289984803346160334e+02 9.999223947525024414e-01
1.290189150207734201e+02 9.999704957008361816e-01
1.290393496067481465e+02 1.000051617622375488e+00
1.290597840926711797e+02 1.000054001808166504e+00
1.290802187784720445e+02 9.999983906745910645e-01
1.291006533642212162e+02 1.000021696090698242e+00
1.291210879498539725e+02 1.000056862831115723e+00
1.291415224353695521e+02 1.000025391578674316e+00
1.291619571208211710e+02 1.000098943710327148e+00
1.291823917061628890e+02 9.999652504920959473e-01
1.292028261913874303e+02 9.999939203262329102e-01
1.292845645313427667e+02 9.999979734420776367e-01
1.293049992161031696e+02 9.999193549156188965e-01
1.293254337007456343e+02 1.000143885612487793e+00
1.293458682853233768e+02 9.999784827232360840e-01
1.293663029697927414e+02 9.999068975448608398e-01
1.293867374541441677e+02 1.000064134597778320e+00
1.294071720383726642e+02 1.000121235847473145e+00
1.294276066225502291e+02 1.000104546546936035e+00
1.294480413066048641e+02 9.999355673789978027e-01
1.294684757905488368e+02 1.000027656555175781e+00
1.294889103744353633e+02 9.999608397483825684e-01
1.295093450582062360e+02 1.000006675720214844e+00
1.295297795418518945e+02 1.000120639801025391e+00
1.295502141254473827e+02 9.999279379844665527e-01
1.295706487089264556e+02 1.000022292137145996e+00
1.295910832922818372e+02 9.999695420265197754e-01
1.296115178755280795e+02 9.999930262565612793e-01
1.296319524587161141e+02 1.000224351882934570e+00
1.296523870417804574e+02 9.999511241912841797e-01
1.296728216247356613e+02 9.999547600746154785e-01
1.296932562076326576e+02 9.999898672103881836e-01
1.297341253730701283e+02 1.000014901161193848e+00
1.297545599556178786e+02 9.999629259109497070e-01
1.297749945381001453e+02 9.999710917472839355e-01
1.297954292204740341e+02 1.000005006790161133e+00
1.298158637027299847e+02 9.999725818634033203e-01
1.298362982849212131e+02 9.999843835830688477e-01
1.298567328670033021e+02 1.000045299530029297e+00
1.298771674489689758e+02 1.000023365020751953e+00
1.298976020308109582e+02 1.000049233436584473e+00
1.299180366126020090e+02 9.999278187751770020e-01
1.299384711942766444e+02 1.000051021575927734e+00
1.299589057758275885e+02 9.998509287834167480e-01
1.299793403572693933e+02 9.998668432235717773e-01
1.299997748386522289e+02 9.999895095825195312e-01
1.300202095199128962e+02 9.999715089797973633e-01
1.300406441010636627e+02 9.997901916503906250e-01
1.300610785820972524e+02 9.998840093612670898e-01
1.300815131630661199e+02 1.000096201896667480e+00
1.301019478439266095e+02 9.998865127563476562e-01
1.301223823246691609e+02 9.998877048492431641e-01
1.301428169052887824e+02 9.998959898948669434e-01
1.301632515858582337e+02 9.999870061874389648e-01
1.301836861663105083e+02 1.000041246414184570e+00
1.302041206466383301e+02 9.999200701713562012e-01
1.302245552268577740e+02 1.000023603439331055e+00
1.302449899070197716e+02 9.999578595161437988e-01
